index,0,1,2
26457,0.202469821,0.105255939,0.69227424
26458,0.128063204,0.095115083,0.776821713
26459,0.070295046,0.144509802,0.785195152
26460,0.091860329,0.114790581,0.793349091
26461,0.05580001,0.144439611,0.79976038
26462,0.033271431,0.072686178,0.894042391
26463,0.509398009,0.413645392,0.076956599
26464,0.083315024,0.156090674,0.760594302
26465,0.071987736,0.150211185,0.777801078
26466,0.029118966,0.224748292,0.746132742
26467,0.07958711,0.262959267,0.657453622
26468,0.054435845,0.087531894,0.858032261
26469,0.674992904,0.099831513,0.225175583
26470,0.284874658,0.196216828,0.518908513
26471,0.086699179,0.25043998,0.662860841
26472,0.111967674,0.266756779,0.621275547
26473,0.065436803,0.112730441,0.821832755
26474,0.177343241,0.793985219,0.02867154
26475,0.328331793,0.268239415,0.403428792
26476,0.033243078,0.547797808,0.418959114
26477,0.064009736,0.219137759,0.716852505
26478,0.107317187,0.122144128,0.770538685
26479,0.064636147,0.18671402,0.748649833
26480,0.062688398,0.128047563,0.809264038
26481,0.070939012,0.317467617,0.611593371
26482,0.139944309,0.081740508,0.778315182
26483,0.035805032,0.159302435,0.804892532
26484,0.050460002,0.294785894,0.654754104
26485,0.071169,0.129132108,0.799698892
26486,0.117894112,0.197222794,0.684883094
26487,0.099870141,0.156253089,0.743876769
26488,0.134880843,0.577683866,0.287435291
26489,0.055339018,0.385225999,0.559434983
26490,0.069229871,0.620687325,0.310082804
26491,0.102741507,0.173014996,0.724243496
26492,0.120776855,0.140424337,0.738798808
26493,0.254334753,0.635332324,0.110332924
26494,0.059851708,0.264873425,0.675274867
26495,0.048714449,0.105039895,0.846245656
26496,0.088122046,0.19808826,0.713789694
26497,0.055313375,0.580328987,0.364357638
26498,0.193769061,0.385310737,0.420920202
26499,0.133170357,0.187481846,0.679347797
26500,0.093895646,0.425604624,0.48049973
26501,0.137196119,0.163426573,0.699377309
26502,0.011508702,0.016775738,0.97171556
26503,0.120166687,0.250697878,0.629135435
26504,0.076753002,0.093262715,0.829984282
26505,0.103365286,0.135788989,0.760845726
26506,0.052079977,0.926293054,0.02162697
26507,0.071037371,0.610838392,0.318124237
26508,0.079107284,0.336852059,0.584040657
26509,0.096532305,0.162274616,0.741193079
26510,0.051557511,0.189007703,0.759434787
26511,0.063681856,0.06294819,0.873369954
26512,0.028919935,0.093704631,0.877375433
26513,0.098404695,0.207047385,0.69454792
26514,0.061588944,0.111098729,0.827312327
26515,0.131069551,0.103494921,0.765435528
26516,0.059897619,0.358477573,0.581624808
26517,0.14321606,0.733246582,0.123537359
26518,0.178390296,0.145143787,0.676465917
26519,0.478516263,0.154499642,0.366984094
26520,0.028677198,0.702908972,0.26841383
26521,0.087062994,0.14002641,0.772910596
26522,0.118902436,0.209928434,0.671169129
26523,0.113742262,0.32259335,0.563664387
26524,0.0511954,0.146350374,0.802454226
26525,0.247124969,0.238987648,0.513887383
26526,0.075929875,0.175757276,0.748312849
26527,0.078945851,0.246931397,0.674122752
26528,0.123341655,0.845100325,0.03155802
26529,0.104585845,0.176430187,0.718983967
26530,0.158226187,0.165147421,0.676626392
26531,0.069714704,0.176486024,0.753799272
26532,0.251808236,0.122722028,0.625469737
26533,0.067058173,0.179223111,0.753718716
26534,0.007023439,0.064076078,0.928900483
26535,0.122654718,0.101064846,0.776280436
26536,0.100508832,0.289800851,0.609690316
26537,0.071143373,0.113788035,0.815068592
26538,0.022328554,0.418760781,0.558910665
26539,0.071424978,0.126685795,0.801889227
26540,0.117565554,0.498623109,0.383811338
26541,0.09336449,0.12860275,0.77803276
26542,0.045191781,0.157337312,0.797470907
26543,0.180318992,0.066215985,0.753465023
26544,0.080910013,0.139501798,0.779588188
26545,0.108414088,0.162739179,0.728846733
26546,0.091609009,0.301396523,0.606994468
26547,0.069440207,0.08579134,0.844768453
26548,0.144743357,0.112710522,0.742546121
26549,0.058959211,0.899721629,0.04131916
26550,0.130359117,0.186513805,0.683127078
26551,0.026962803,0.417795755,0.555241442
26552,0.01645429,0.100099565,0.883446145
26553,0.025773996,0.130717472,0.843508533
26554,0.089725884,0.842819145,0.067454972
26555,0.204315015,0.196125477,0.599559508
26556,0.054549096,0.214950486,0.730500419
26557,0.080462791,0.115811844,0.803725365
26558,0.414522944,0.158884523,0.426592532
26559,0.181203415,0.128215586,0.690580999
26560,0.147864921,0.15040748,0.701727599
26561,0.036649452,0.151406868,0.811943681
26562,0.10720655,0.0879434,0.80485005
26563,0.135668238,0.163269293,0.701062469
26564,0.052350944,0.148082763,0.799566293
26565,0.098913081,0.299723454,0.601363465
26566,0.111429649,0.160559776,0.728010575
26567,0.100799067,0.201125803,0.698075129
26568,0.125845954,0.826747848,0.047406198
26569,0.026792471,0.162929376,0.810278153
26570,0.180073375,0.36319005,0.456736575
26571,0.147826684,0.16278763,0.689385686
26572,0.115108771,0.288568287,0.596322942
26573,0.069514568,0.092145412,0.838340019
26574,0.302829183,0.041590384,0.655580433
26575,0.216149978,0.156112699,0.627737323
26576,0.047261846,0.056763186,0.895974967
26577,0.07919304,0.117103079,0.803703881
26578,0.135567759,0.750356979,0.114075262
26579,0.124557418,0.832708344,0.042734239
26580,0.048376176,0.077719806,0.873904019
26581,0.064412895,0.14024498,0.795342125
26582,0.086088178,0.079056811,0.834855011
26583,0.118735891,0.092316984,0.788947125
26584,0.043341225,0.194827583,0.761831191
26585,0.14135335,0.328620677,0.530025973
26586,0.306873162,0.278900501,0.414226337
26587,0.137331297,0.815994942,0.046673762
26588,0.032056687,0.241863136,0.726080177
26589,0.065109448,0.09525248,0.839638071
26590,0.088708108,0.510240212,0.40105168
26591,0.129376734,0.624571103,0.246052164
26592,0.276136105,0.111865119,0.611998776
26593,0.125805685,0.186000014,0.688194302
26594,0.160516328,0.204466911,0.635016761
26595,0.057507155,0.205939971,0.736552874
26596,0.083919114,0.115388037,0.800692849
26597,0.129709549,0.82732919,0.042961262
26598,0.09395281,0.168000156,0.738047034
26599,0.108166198,0.144973064,0.746860738
26600,0.047271903,0.02833101,0.924397087
26601,0.09606494,0.179143704,0.724791356
26602,0.007499238,0.100075205,0.892425558
26603,0.065927205,0.148429393,0.785643402
26604,0.079066158,0.267690236,0.653243606
26605,0.100304751,0.171260269,0.72843498
26606,0.127334466,0.189674681,0.682990853
26607,0.126710196,0.790486554,0.08280325
26608,0.068881351,0.089288127,0.841830522
26609,0.123116745,0.183614638,0.693268617
26610,0.525005828,0.370365982,0.10462819
26611,0.145490259,0.106441902,0.748067839
26612,0.086920867,0.210431246,0.702647887
26613,0.088690733,0.359590113,0.551719154
26614,0.093181285,0.098872015,0.8079467
26615,0.088471348,0.106944094,0.804584558
26616,0.13655057,0.124885868,0.738563562
26617,0.162247823,0.157886218,0.679865959
26618,0.089684451,0.154320767,0.755994783
26619,0.199423505,0.25897846,0.541598034
26620,0.135567759,0.750356979,0.114075262
26621,0.106853539,0.081947783,0.811198678
26622,0.170699547,0.288363146,0.540937307
26623,0.059905949,0.3468027,0.593291351
26624,0.017330755,0.053300198,0.929369047
26625,0.191549084,0.171533799,0.636917117
26626,0.068116839,0.083802235,0.848080926
26627,0.061480655,0.119178968,0.819340377
26628,0.038132957,0.296792567,0.665074476
26629,0.058189742,0.162190793,0.779619465
26630,0.10735431,0.154305205,0.738340485
26631,0.016049873,0.073163478,0.910786649
26632,0.235820842,0.230707966,0.533471193
26633,0.103498436,0.091390258,0.805111306
26634,0.073845571,0.056663447,0.869490982
26635,0.077430561,0.136240245,0.786329194
26636,0.143560437,0.222384804,0.634054759
26637,0.017171745,0.045223765,0.93760449
26638,0.177853456,0.432304819,0.389841725
26639,0.260090151,0.300480494,0.439429355
26640,0.036395505,0.111391419,0.852213076
26641,0.103057175,0.427317761,0.469625064
26642,0.08213007,0.07427178,0.84359815
26643,0.085109847,0.319772167,0.595117985
26644,0.030946628,0.216101661,0.752951711
26645,0.105085523,0.104164715,0.790749762
26646,0.479598289,0.157101487,0.363300223
26647,0.032491024,0.069042148,0.898466828
26648,0.071449428,0.611512145,0.317038427
26649,0.087920903,0.098841523,0.813237575
26650,0.429909097,0.501205958,0.068884945
26651,0.067574691,0.832305679,0.10011963
26652,0.413864749,0.0888244,0.497310851
26653,0.176789846,0.084440283,0.738769871
26654,0.113159942,0.348074594,0.538765464
26655,0.030225118,0.329116564,0.640658318
26656,0.156223028,0.154424374,0.689352598
26657,0.11734413,0.166474994,0.716180877
26658,0.149789129,0.159480911,0.690729961
26659,0.278606001,0.215978818,0.505415181
26660,0.075470309,0.204693326,0.719836365
26661,0.121509668,0.254913238,0.623577094
26662,0.071411261,0.282131015,0.646457724
26663,0.04870539,0.297358501,0.653936109
26664,0.065462214,0.085247346,0.849290441
26665,0.128104871,0.177449542,0.694445587
26666,0.039377555,0.360707115,0.599915329
26667,0.043072835,0.119664756,0.83726241
26668,0.16417286,0.377534023,0.458293117
26669,0.192383239,0.326958749,0.480658012
26670,0.200043188,0.201494315,0.598462497
26671,0.115918878,0.188943992,0.69513713
26672,0.053037335,0.078742042,0.868220623
26673,0.178032275,0.191881909,0.630085816
26674,0.192508902,0.11956258,0.687928518
26675,0.066183289,0.218501089,0.715315623
26676,0.038771199,0.157163876,0.804064925
26677,0.028457076,0.147623485,0.823919439
26678,0.108163088,0.177841773,0.713995139
26679,0.174552051,0.226021046,0.599426903
26680,0.02289918,0.129376005,0.847724815
26681,0.138435506,0.067591028,0.793973465
26682,0.055471976,0.092695661,0.851832363
26683,0.04993004,0.31962115,0.630448809
26684,0.029846341,0.154855286,0.815298373
26685,0.160125872,0.122534592,0.717339536
26686,0.098110092,0.197135919,0.704753989
26687,0.14550551,0.148476244,0.706018246
26688,0.149331562,0.600877264,0.249791174
26689,0.061253649,0.196685,0.742061351
26690,0.048789006,0.114885038,0.836325956
26691,0.087957044,0.191353186,0.720689771
26692,0.039740253,0.334806689,0.625453058
26693,0.497593235,0.081561835,0.42084493
26694,0.409131306,0.461398741,0.129469953
26695,0.055344239,0.097616558,0.847039202
26696,0.07192074,0.124888693,0.803190567
26697,0.063109686,0.206951668,0.729938646
26698,0.08987501,0.068423612,0.841701377
26699,0.055014174,0.375027314,0.569958511
26700,0.112139826,0.326630514,0.56122966
26701,0.079449388,0.803052419,0.117498193
26702,0.091943706,0.792201007,0.115855287
26703,0.089239749,0.267485123,0.643275128
26704,0.041895837,0.109661129,0.848443034
26705,0.052911842,0.099645802,0.847442356
26706,0.018542508,0.061318825,0.920138666
26707,0.377511094,0.093217985,0.529270921
26708,0.051724609,0.141385728,0.806889663
26709,0.064558795,0.070303655,0.865137549
26710,0.14550551,0.148476244,0.706018246
26711,0.141300703,0.226209883,0.632489414
26712,0.070640718,0.155266338,0.774092943
26713,0.187230702,0.267890622,0.544878676
26714,0.07546667,0.100572945,0.823960385
26715,0.142142147,0.113723202,0.744134651
26716,0.093217997,0.601423201,0.305358803
26717,0.063227103,0.151858186,0.784914712
26718,0.085911244,0.081236751,0.832852004
26719,0.070089297,0.207220134,0.722690569
26720,0.060454917,0.126257975,0.813287107
26721,0.032890196,0.198336218,0.768773586
26722,0.235848808,0.125401302,0.63874989
26723,0.101857604,0.122550074,0.775592323
26724,0.136656873,0.382588809,0.480754318
26725,0.041340963,0.231257893,0.727401144
26726,0.157012798,0.284944236,0.558042966
26727,0.062081897,0.099240234,0.838677869
26728,0.039075625,0.343305351,0.617619024
26729,0.164534127,0.129450763,0.70601511
26730,0.066513606,0.519743539,0.413742855
26731,0.023869989,0.074956873,0.901173138
26732,0.058790488,0.813677632,0.127531881
26733,0.183171528,0.100642861,0.716185611
26734,0.096172867,0.117491422,0.786335711
26735,0.057017637,0.11921694,0.823765424
26736,0.127415425,0.127737221,0.744847353
26737,0.129054998,0.134969989,0.735975012
26738,0.041072477,0.098734015,0.860193508
26739,0.285441732,0.151724844,0.562833423
26740,0.023463182,0.145635888,0.83090093
26741,0.132112052,0.775116009,0.09277194
26742,0.065660346,0.17631507,0.758024584
26743,0.095444315,0.167552824,0.737002862
26744,0.094484096,0.177046067,0.728469837
26745,0.115886087,0.17124882,0.712865093
26746,0.058832193,0.153978416,0.787189391
26747,0.163179293,0.55184018,0.284980527
26748,0.244990927,0.301214764,0.453794309
26749,0.054462124,0.259085267,0.686452609
26750,0.042985514,0.110053746,0.84696074
26751,0.110413778,0.210299994,0.679286228
26752,0.050980159,0.426878993,0.522140848
26753,0.08387709,0.130741242,0.785381668
26754,0.099726359,0.098099632,0.802174009
26755,0.042394238,0.085117018,0.872488745
26756,0.117494578,0.019858393,0.862647029
26757,0.12622997,0.201496339,0.672273691
26758,0.082284234,0.228407443,0.689308322
26759,0.058280423,0.313678228,0.62804135
26760,0.303728381,0.232254879,0.46401674
26761,0.102761638,0.118887343,0.778351019
26762,0.080511161,0.146630921,0.772857918
26763,0.128191133,0.157173901,0.714634966
26764,0.089406609,0.192272543,0.718320848
26765,0.065473681,0.201973561,0.732552758
26766,0.027851783,0.501639864,0.470508353
26767,0.116153277,0.213185953,0.67066077
26768,0.129923138,0.790436741,0.079640122
26769,0.08165095,0.356151423,0.562197627
26770,0.213644533,0.335498544,0.450856922
26771,0.304216233,0.588428905,0.107354862
26772,0.396150232,0.065866318,0.53798345
26773,0.055913991,0.213763542,0.730322466
26774,0.086595956,0.143108241,0.770295802
26775,0.057220015,0.251441419,0.691338566
26776,0.140506906,0.100916579,0.758576515
26777,0.058857327,0.028124406,0.913018266
26778,0.033345272,0.067682645,0.898972083
26779,0.095353051,0.148218585,0.756428363
26780,0.105048337,0.191507278,0.703444384
26781,0.010790859,0.112539396,0.876669745
26782,0.101195134,0.112213765,0.786591101
26783,0.180068741,0.176841531,0.643089728
26784,0.164229651,0.254986277,0.580784072
26785,0.177520632,0.290433382,0.532045985
26786,0.194452758,0.098614443,0.706932799
26787,0.06291179,0.065797436,0.871290774
26788,0.214814327,0.17671798,0.608467693
26789,0.159364764,0.315811536,0.5248237
26790,0.113704947,0.217901028,0.668394025
26791,0.104138084,0.108379872,0.787482044
26792,0.117183365,0.182365998,0.700450637
26793,0.052106204,0.127056196,0.8208376
26794,0.072370735,0.142615116,0.785014149
26795,0.087093717,0.209425749,0.703480534
26796,0.045681619,0.920445289,0.033873092
26797,0.074402937,0.458974632,0.466622432
26798,0.104079582,0.53699245,0.358927968
26799,0.08468279,0.13959553,0.77572168
26800,0.098899298,0.819189183,0.081911519
26801,0.135605326,0.257658838,0.606735836
26802,0.20436437,0.19732677,0.59830886
26803,0.06905825,0.173901587,0.757040163
26804,0.010769788,0.105349071,0.883881141
26805,0.007893522,0.083242913,0.908863565
26806,0.05330376,0.129326335,0.817369905
26807,0.085902214,0.165512094,0.748585692
26808,0.03125936,0.142179545,0.826561095
26809,0.131013029,0.186989136,0.681997836
26810,0.044212085,0.218714809,0.737073106
26811,0.040978927,0.077307645,0.881713428
26812,0.044535786,0.070040449,0.885423765
26813,0.160988254,0.538456853,0.300554893
26814,0.149440905,0.193195711,0.657363384
26815,0.158470533,0.196627241,0.644902226
26816,0.065730225,0.197782911,0.736486864
26817,0.13829285,0.125164656,0.736542494
26818,0.143538774,0.190953288,0.665507938
26819,0.100399232,0.265299763,0.634301005
26820,0.131022485,0.633426568,0.235550947
26821,0.177998764,0.703444684,0.118556552
26822,0.14674933,0.188380365,0.664870305
26823,0.056879483,0.127580178,0.815540339
26824,0.067066623,0.14639736,0.786536016
26825,0.080933496,0.245065796,0.674000708
26826,0.066651863,0.087977781,0.845370355
26827,0.109230558,0.268419645,0.622349798
26828,0.029999231,0.200155752,0.769845017
26829,0.031977648,0.047202128,0.920820224
26830,0.111820238,0.21885,0.669329762
26831,0.093537028,0.043683049,0.862779922
26832,0.028531931,0.064823336,0.906644733
26833,0.040200119,0.112963,0.846836881
26834,0.096136699,0.251810654,0.652052648
26835,0.287698894,0.223697799,0.488603308
26836,0.286964811,0.667682517,0.045352672
26837,0.194976663,0.054336525,0.750686812
26838,0.118384693,0.371247651,0.510367656
26839,0.556768762,0.100641295,0.342589943
26840,0.080147996,0.26025488,0.659597124
26841,0.037433207,0.078755922,0.883810871
26842,0.0599703,0.181184431,0.758845269
26843,0.135759753,0.084494174,0.779746073
26844,0.126909671,0.472059496,0.401030833
26845,0.642806581,0.029775717,0.327417702
26846,0.07555558,0.114103397,0.810341023
26847,0.085919168,0.157874369,0.756206463
26848,0.168275214,0.072563175,0.759161611
26849,0.12379948,0.200970067,0.675230453
26850,0.069377334,0.380221844,0.550400822
26851,0.075538508,0.056220662,0.868240831
26852,0.120615016,0.287793956,0.591591028
26853,0.133167069,0.154549507,0.712283424
26854,0.142202326,0.828225714,0.029571959
26855,0.054233773,0.17784228,0.767923947
26856,0.103298089,0.346740229,0.549961682
26857,0.086123197,0.187399349,0.726477454
26858,0.043957359,0.629360011,0.32668263
26859,0.131462906,0.200934083,0.667603011
26860,0.05940533,0.609130819,0.331463851
26861,0.136434706,0.126620776,0.736944517
26862,0.056970072,0.095075675,0.847954253
26863,0.082175099,0.162057633,0.755767268
26864,0.119744268,0.259726353,0.620529379
26865,0.006021133,0.039087478,0.954891389
26866,0.062034119,0.138547016,0.799418864
26867,0.147558676,0.127554947,0.724886377
26868,0.015416664,0.033712773,0.950870563
26869,0.014206002,0.007854912,0.977939087
26870,0.149734321,0.277103171,0.573162508
26871,0.14550551,0.148476244,0.706018246
26872,0.072725322,0.156141345,0.771133333
26873,0.048806124,0.257621166,0.69357271
26874,0.145278727,0.262184495,0.592536778
26875,0.049256204,0.269861463,0.680882333
26876,0.041067556,0.09122937,0.867703074
26877,0.073386485,0.071129288,0.855484228
26878,0.056279422,0.184078877,0.759641701
26879,0.074867409,0.250229234,0.674903357
26880,0.123990701,0.096439134,0.779570165
26881,0.039265127,0.328183268,0.632551605
26882,0.344672228,0.063749467,0.591578305
26883,0.007804224,0.059866902,0.932328874
26884,0.111826714,0.354719571,0.533453716
26885,0.083621413,0.130685713,0.785692875
26886,0.139515036,0.103221545,0.757263419
26887,0.01774754,0.181718782,0.800533677
26888,0.149669027,0.166598741,0.683732231
26889,0.056352273,0.191740287,0.75190744
26890,0.074594556,0.208454887,0.716950558
26891,0.19161353,0.286960891,0.521425579
26892,0.133610347,0.152792461,0.713597192
26893,0.052203685,0.273471437,0.674324878
26894,0.07101623,0.101221124,0.827762646
26895,0.142221794,0.174382895,0.683395312
26896,0.09546459,0.166265809,0.738269602
26897,0.127228229,0.118166256,0.754605515
26898,0.068374983,0.179075646,0.752549371
26899,0.060379162,0.144946411,0.794674427
26900,0.069407597,0.1355166,0.795075803
26901,0.068940916,0.238222939,0.692836145
26902,0.088764627,0.039837253,0.871398119
26903,0.051625363,0.182842507,0.76553213
26904,0.189817088,0.437411347,0.372771565
26905,0.019047971,0.152458208,0.828493821
26906,0.062787545,0.245361543,0.691850912
26907,0.144789774,0.045314503,0.809895723
26908,0.057603136,0.11347078,0.828926085
26909,0.027551336,0.526442016,0.446006648
26910,0.142682103,0.181058795,0.676259102
26911,0.083620142,0.1423923,0.773987558
26912,0.086157951,0.078939518,0.834902532
26913,0.218409172,0.150833489,0.630757339
26914,0.133212439,0.179717265,0.687070296
26915,0.021607192,0.190929101,0.787463708
26916,0.154111857,0.792692934,0.053195208
26917,0.094042962,0.129678589,0.776278449
26918,0.109057582,0.157660389,0.733282028
26919,0.574032376,0.157566611,0.268401013
26920,0.047759796,0.34987393,0.602366274
26921,0.06741392,0.39607015,0.53651593
26922,0.107103252,0.567256214,0.325640534
26923,0.069068127,0.160275152,0.770656721
26924,0.096086259,0.157565456,0.746348285
26925,0.039340272,0.062941685,0.897718043
26926,0.064428782,0.318933646,0.616637572
26927,0.141444187,0.121504383,0.737051431
26928,0.1319121,0.831519075,0.036568825
26929,0.118234139,0.251044494,0.630721367
26930,0.115017503,0.222947471,0.662035026
26931,0.165697365,0.675914717,0.158387918
26932,0.081396649,0.302354272,0.616249079
26933,0.778553961,0.056069688,0.165376351
26934,0.13942622,0.230587614,0.629986166
26935,0.073204928,0.14571705,0.781078022
26936,0.024055474,0.114864469,0.861080057
26937,0.127722792,0.172018499,0.700258709
26938,0.237482647,0.616507249,0.146010105
26939,0.239040389,0.732516016,0.028443595
26940,0.040701094,0.173565581,0.785733325
26941,0.096487087,0.145924595,0.757588318
26942,0.150082726,0.252484686,0.597432588
26943,0.054395738,0.193378157,0.752226105
26944,0.090322318,0.092447691,0.817229991
26945,0.05648152,0.60803737,0.335481111
26946,0.038634675,0.046155838,0.915209487
26947,0.064292418,0.317320623,0.618386959
26948,0.116388641,0.239062999,0.644548361
26949,0.219883367,0.046232093,0.73388454
26950,0.149955648,0.09947359,0.750570762
26951,0.345349313,0.266992748,0.387657939
26952,0.064037372,0.188659693,0.747302934
26953,0.021531542,0.00816556,0.970302898
26954,0.019955573,0.098582283,0.881462143
26955,0.139090571,0.492401938,0.36850749
26956,0.112440412,0.292973687,0.594585901
26957,0.255568161,0.238590234,0.505841605
26958,0.126800838,0.218354048,0.654845114
26959,0.050026173,0.228694879,0.721278949
26960,0.076752371,0.263203667,0.660043962
26961,0.055020993,0.193185039,0.751793969
26962,0.047801814,0.365638159,0.586560027
26963,0.497593235,0.081561835,0.42084493
26964,0.079207019,0.463660982,0.457131999
26965,0.03458503,0.222274526,0.743140444
26966,0.09546459,0.166265809,0.738269602
26967,0.027459948,0.045961252,0.9265788
26968,0.070021625,0.193751059,0.736227317
26969,0.021126493,0.150028461,0.828845046
26970,0.178346451,0.101358791,0.720294758
26971,0.055788241,0.209220627,0.734991132
26972,0.123721137,0.296368545,0.579910319
26973,0.030710128,0.080629136,0.888660736
26974,0.232619264,0.10398309,0.663397646
26975,0.080160088,0.074912526,0.844927385
26976,0.187037175,0.760835711,0.052127114
26977,0.132389746,0.166887686,0.700722568
26978,0.066278321,0.138610146,0.795111533
26979,0.068535465,0.121316773,0.810147761
26980,0.139367406,0.139442169,0.721190425
26981,0.101403838,0.12594321,0.772652951
26982,0.030980888,0.069079229,0.899939883
26983,0.128684681,0.205845098,0.665470221
26984,0.006876908,0.05954431,0.933578782
26985,0.069111991,0.194029724,0.736858284
26986,0.053808058,0.143814197,0.802377744
26987,0.097497013,0.596725646,0.305777341
26988,0.0701626,0.430288579,0.499548821
26989,0.072067757,0.261767367,0.666164876
26990,0.09469221,0.192867658,0.712440131
26991,0.090865491,0.113588633,0.795545876
26992,0.070025827,0.863605509,0.066368664
26993,0.056129885,0.183527421,0.760342693
26994,0.063968203,0.100950338,0.835081459
26995,0.068729763,0.190809523,0.740460714
26996,0.168505894,0.098317616,0.733176489
26997,0.096196877,0.237836654,0.665966468
26998,0.131036086,0.093770226,0.775193688
26999,0.28670216,0.079956127,0.633341713
27000,0.062623653,0.391396665,0.545979681
27001,0.097440654,0.302775148,0.599784197
27002,0.056328974,0.22263887,0.721032157
27003,0.159535583,0.176374328,0.664090089
27004,0.102650368,0.274356116,0.622993516
27005,0.045567976,0.453085432,0.501346593
27006,0.049757318,0.05642303,0.893819652
27007,0.176897407,0.608261015,0.214841578
27008,0.268884435,0.125965087,0.605150478
27009,0.089747792,0.231409156,0.678843052
27010,0.036774876,0.19505629,0.768168834
27011,0.192695942,0.413550803,0.393753255
27012,0.038123651,0.048927829,0.91294852
27013,0.080860979,0.130944528,0.788194494
27014,0.064296953,0.387791592,0.547911455
27015,0.177276447,0.327105002,0.495618551
27016,0.082211712,0.107784507,0.810003781
27017,0.076943287,0.196897852,0.726158861
27018,0.047458735,0.210450714,0.742090551
27019,0.21226354,0.154959123,0.632777338
27020,0.023094562,0.585948776,0.390956661
27021,0.021655831,0.351744219,0.62659995
27022,0.019501687,0.053373989,0.927124324
27023,0.242693734,0.298062144,0.459244121
27024,0.047011617,0.103276259,0.849712124
27025,0.173800284,0.168837272,0.657362444
27026,0.074708696,0.054439683,0.870851621
27027,0.086848706,0.069732873,0.843418421
27028,0.235820842,0.230707966,0.533471193
27029,0.102579473,0.207645827,0.6897747
27030,0.129682673,0.424247972,0.446069355
27031,0.584479213,0.149769647,0.26575114
27032,0.143426612,0.195371738,0.66120165
27033,0.133668312,0.088243855,0.778087833
27034,0.052712552,0.084481485,0.862805963
27035,0.55607328,0.097043116,0.346883604
27036,0.072779286,0.053586441,0.873634272
27037,0.186312133,0.211704905,0.601982962
27038,0.036588038,0.141334221,0.822077741
27039,0.390636894,0.15303663,0.456326476
27040,0.057057296,0.126377029,0.816565675
27041,0.030106632,0.210401523,0.759491845
27042,0.275952063,0.66761057,0.056437367
27043,0.139510686,0.172148559,0.688340754
27044,0.101137064,0.136201594,0.762661343
27045,0.053085965,0.25515167,0.691762364
27046,0.031517384,0.142493388,0.825989228
27047,0.048540669,0.580099889,0.371359442
27048,0.092535721,0.833030817,0.074433462
27049,0.110292074,0.727948802,0.161759124
27050,0.060134625,0.189732151,0.750133224
27051,0.100232147,0.25851009,0.641257763
27052,0.034886983,0.228922409,0.736190608
27053,0.078020084,0.32104325,0.600936666
27054,0.128087682,0.098004822,0.773907496
27055,0.28104531,0.658892919,0.060061771
27056,0.157606724,0.702974697,0.139418579
27057,0.079373363,0.179396737,0.741229899
27058,0.125805685,0.186000014,0.688194302
27059,0.139934979,0.182301345,0.677763676
27060,0.062102478,0.21990203,0.717995491
27061,0.338668598,0.173075892,0.488255511
27062,0.0967413,0.151311564,0.751947137
27063,0.074667654,0.147157885,0.778174461
27064,0.091211837,0.090867525,0.817920638
27065,0.087871663,0.271450636,0.640677701
27066,0.019284756,0.021817653,0.958897591
27067,0.108800317,0.247746473,0.64345321
27068,0.638501623,0.040227853,0.321270524
27069,0.053541352,0.156951815,0.789506833
27070,0.069053102,0.078017472,0.852929426
27071,0.098681017,0.100578765,0.800740218
27072,0.02741067,0.205908178,0.766681152
27073,0.093809495,0.217176494,0.689014011
27074,0.094127994,0.291590036,0.614281969
27075,0.124005273,0.098204759,0.777789968
27076,0.159170571,0.21644942,0.624380009
27077,0.050908239,0.132755808,0.816335953
27078,0.043671525,0.082851242,0.873477233
27079,0.067210161,0.236641903,0.696147936
27080,0.170801949,0.290090929,0.539107122
27081,0.075515378,0.091606163,0.832878458
27082,0.077507107,0.102435132,0.820057761
27083,0.041224203,0.171973456,0.786802341
27084,0.133769288,0.241683334,0.624547378
27085,0.176048972,0.097661129,0.726289899
27086,0.083816483,0.149473299,0.766710218
27087,0.071558666,0.179846325,0.748595009
27088,0.054281114,0.098415843,0.847303043
27089,0.054952508,0.167658583,0.777388909
27090,0.062515889,0.112737415,0.824746695
27091,0.138859584,0.267320966,0.59381945
27092,0.305399135,0.572698019,0.121902846
27093,0.239029627,0.388340127,0.372630246
27094,0.115703438,0.173760631,0.710535931
27095,0.025501074,0.099050826,0.8754481
27096,0.11203655,0.480863851,0.407099599
27097,0.060972991,0.769866952,0.169160057
27098,0.128946934,0.213086723,0.657966342
27099,0.082898782,0.068276286,0.848824932
27100,0.032502433,0.063025476,0.904472091
27101,0.12923842,0.213209408,0.657552172
27102,0.068054331,0.316707398,0.615238272
27103,0.078940243,0.170257556,0.750802201
27104,0.174373974,0.143207498,0.682418528
27105,0.05675265,0.040665017,0.902582333
27106,0.070711113,0.13513701,0.794151877
27107,0.076850924,0.106434387,0.816714689
27108,0.189071989,0.16890331,0.642024701
27109,0.20640588,0.192469876,0.601124244
27110,0.172668509,0.182878385,0.644453105
27111,0.185251513,0.205398916,0.609349571
27112,0.751896885,0.021994676,0.226108439
27113,0.032419946,0.126984045,0.840596009
27114,0.121898514,0.097467805,0.780633681
27115,0.207504499,0.412667796,0.379827705
27116,0.093074604,0.199496067,0.707429329
27117,0.152935665,0.626730363,0.220333972
27118,0.022588593,0.041697021,0.935714386
27119,0.081635177,0.301826802,0.616538021
27120,0.283605447,0.693037554,0.023356999
27121,0.173447089,0.707717981,0.11883493
27122,0.148961367,0.180295945,0.670742688
27123,0.046901659,0.086294351,0.866803989
27124,0.514623377,0.193367085,0.292009538
27125,0.101392819,0.22952604,0.669081141
27126,0.055148272,0.20271407,0.742137658
27127,0.126741812,0.107954131,0.765304056
27128,0.112637328,0.179279646,0.708083026
27129,0.208094786,0.064074574,0.72783064
27130,0.107583287,0.125813577,0.766603136
27131,0.257623138,0.140755873,0.60162099
27132,0.133278571,0.145921598,0.720799831
27133,0.042512306,0.346555533,0.610932161
27134,0.121145441,0.24988576,0.628968799
27135,0.044609908,0.932726906,0.022663186
27136,0.124285984,0.206599963,0.669114052
27137,0.106376894,0.1813125,0.712310606
27138,0.112386112,0.407630944,0.479982944
27139,0.053955922,0.159233156,0.786810922
27140,0.309465528,0.108549064,0.581985408
27141,0.042275045,0.15329788,0.804427075
27142,0.291221024,0.183446816,0.52533216
27143,0.069237565,0.102370991,0.828391444
27144,0.109440981,0.061936314,0.828622705
27145,0.207679919,0.18947384,0.602846242
27146,0.073390663,0.152757412,0.773851924
27147,0.101549193,0.193111196,0.705339611
27148,0.020079866,0.344637752,0.635282382
27149,0.150327091,0.162605981,0.687066928
27150,0.079969968,0.156739779,0.763290253
27151,0.241160276,0.090266799,0.668572925
27152,0.305087557,0.042276861,0.652635581
27153,0.097281264,0.129787378,0.772931358
27154,0.068279847,0.198573442,0.733146711
27155,0.092960153,0.146338187,0.76070166
27156,0.118309123,0.046167657,0.83552322
27157,0.106915654,0.063449768,0.829634578
27158,0.028201974,0.047584448,0.924213578
27159,0.024344596,0.068223173,0.907432231
27160,0.078175677,0.128792097,0.793032226
27161,0.147727798,0.117607519,0.734664683
27162,0.152622059,0.41822385,0.429154091
27163,0.097483851,0.113250842,0.789265307
27164,0.113316756,0.318748297,0.567934947
27165,0.175652079,0.111595985,0.712751936
27166,0.062817068,0.122546143,0.814636789
27167,0.115799066,0.242122542,0.642078392
27168,0.1149706,0.260215142,0.624814258
27169,0.022374819,0.062838334,0.914786847
27170,0.292201608,0.112985544,0.594812848
27171,0.110830912,0.144859409,0.744309679
27172,0.08888481,0.159398339,0.751716851
27173,0.077880037,0.278041969,0.644077994
27174,0.100425674,0.307150756,0.592423569
27175,0.352137556,0.077481827,0.570380618
27176,0.099729304,0.185851188,0.714419508
27177,0.081709149,0.111040773,0.807250079
27178,0.141602034,0.190429303,0.667968663
27179,0.039172663,0.055634281,0.905193056
27180,0.077194518,0.12663867,0.796166811
27181,0.325009583,0.143460755,0.531529661
27182,0.067673929,0.077355111,0.85497096
27183,0.050043232,0.144468934,0.805487834
27184,0.175296268,0.066837802,0.75786593
27185,0.056235606,0.113744102,0.830020291
27186,0.121255873,0.230717377,0.64802675
27187,0.066704266,0.091860338,0.841435396
27188,0.060236454,0.197163188,0.742600358
27189,0.013079306,0.017656153,0.969264541
27190,0.148792684,0.118453358,0.732753959
27191,0.261064334,0.687799673,0.051135993
27192,0.077763225,0.075015954,0.84722082
27193,0.034780363,0.060691983,0.904527655
27194,0.077798556,0.098866528,0.823334916
27195,0.064094495,0.141233572,0.794671933
27196,0.059505009,0.156052201,0.784442791
27197,0.092593731,0.205035177,0.702371092
27198,0.027900719,0.040382929,0.931716352
27199,0.050941777,0.125730362,0.823327861
27200,0.027397283,0.563854888,0.408747829
27201,0.239506421,0.124305879,0.6361877
27202,0.073326119,0.268173212,0.65850067
27203,0.076011083,0.146628574,0.777360343
27204,0.450499254,0.217602467,0.331898279
27205,0.106677668,0.201250406,0.692071926
27206,0.035440766,0.070309874,0.89424936
27207,0.13140197,0.245527966,0.623070064
27208,0.136380443,0.194022557,0.669597
27209,0.136949342,0.096994703,0.766055955
27210,0.076465806,0.164579197,0.758954997
27211,0.087737977,0.153901684,0.758360339
27212,0.022566716,0.10135415,0.876079134
27213,0.060584488,0.178496134,0.760919379
27214,0.116076762,0.245640534,0.638282704
27215,0.098802513,0.156394044,0.744803443
27216,0.038254504,0.018695176,0.94305032
27217,0.663681063,0.071053574,0.265265363
27218,0.066715496,0.468660888,0.464623616
27219,0.185086601,0.179190979,0.63572242
27220,0.077705221,0.301054188,0.621240591
27221,0.394604678,0.129385962,0.47600936
27222,0.127920804,0.819357893,0.052721303
27223,0.085201156,0.13889406,0.775904784
27224,0.082646845,0.21698292,0.700370235
27225,0.020497384,0.062758571,0.916744045
27226,0.431611521,0.449678074,0.118710406
27227,0.165621616,0.784159881,0.050218503
27228,0.02868895,0.34669837,0.62461268
27229,0.076182844,0.161873711,0.761943445
27230,0.085016586,0.211002552,0.703980862
27231,0.037484013,0.099486201,0.863029786
27232,0.020246212,0.491372724,0.488381064
27233,0.263517593,0.264451196,0.472031212
27234,0.014306441,0.047123185,0.938570374
27235,0.0583248,0.191808333,0.749866867
27236,0.144766367,0.214495075,0.640738559
27237,0.129982957,0.645472555,0.224544488
27238,0.072910566,0.264499711,0.662589722
27239,0.060579504,0.22000003,0.719420467
27240,0.155995652,0.656294933,0.187709415
27241,0.129727745,0.231434322,0.638837933
27242,0.049628327,0.010920358,0.939451315
27243,0.163167422,0.171728754,0.665103825
27244,0.107066658,0.129605186,0.763328156
27245,0.14174728,0.119079621,0.739173099
27246,0.056035555,0.107746002,0.836218443
27247,0.172272932,0.138423539,0.689303528
27248,0.098339767,0.288546908,0.613113324
27249,0.032229722,0.063658883,0.904111395
27250,0.092307278,0.223968093,0.68372463
27251,0.00700311,0.108494913,0.884501977
27252,0.330584534,0.06481343,0.604602037
27253,0.11804868,0.213207277,0.668744043
27254,0.114869313,0.218332089,0.666798598
27255,0.040918956,0.075032094,0.88404895
27256,0.023819361,0.331609474,0.644571164
27257,0.134756932,0.1355757,0.729667368
27258,0.03416866,0.099781795,0.866049545
27259,0.187008997,0.241963139,0.571027863
27260,0.170034719,0.176263747,0.653701534
27261,0.089281644,0.150990095,0.75972826
27262,0.21064044,0.29958909,0.489770469
27263,0.240395507,0.708501147,0.051103345
27264,0.041946218,0.171970895,0.786082887
27265,0.099038768,0.11794583,0.783015402
27266,0.076784477,0.164135825,0.759079698
27267,0.109447408,0.229966484,0.660586108
27268,0.045200179,0.070857908,0.883941913
27269,0.094687735,0.13637426,0.768938005
27270,0.027653231,0.114102082,0.858244688
27271,0.077873612,0.314600126,0.607526262
27272,0.147669426,0.127777618,0.724552956
27273,0.048919065,0.257797506,0.69328343
27274,0.047539944,0.055863998,0.896596059
27275,0.02575363,0.089818544,0.884427826
27276,0.054363732,0.130605183,0.815031085
27277,0.079553294,0.11395023,0.806496476
27278,0.051162531,0.207945153,0.740892316
27279,0.098025639,0.121236793,0.780737568
27280,0.130821541,0.179901423,0.689277036
27281,0.189553249,0.173695338,0.636751413
27282,0.075696515,0.514316302,0.409987183
27283,0.080045665,0.8925708,0.027383535
27284,0.048464414,0.880239987,0.071295599
27285,0.23652861,0.266978799,0.496492591
27286,0.077711695,0.246972937,0.675315368
27287,0.084448037,0.180828032,0.734723932
27288,0.060266602,0.213643925,0.726089473
27289,0.040726299,0.186889594,0.772384107
27290,0.079752894,0.188966803,0.731280303
27291,0.107908211,0.15460111,0.737490679
27292,0.0868537,0.705935306,0.207210994
27293,0.028093836,0.054213491,0.917692673
27294,0.050394991,0.185211153,0.764393857
27295,0.023212257,0.111108086,0.865679657
27296,0.132632176,0.264902882,0.602464943
27297,0.15387331,0.39524467,0.45088202
27298,0.031457637,0.327602412,0.640939951
27299,0.073325185,0.215860735,0.710814079
27300,0.247714645,0.111875134,0.64041022
27301,0.071000107,0.134794517,0.794205376
27302,0.193131155,0.766928352,0.039940493
27303,0.149995143,0.062313631,0.787691226
27304,0.07408303,0.186846713,0.739070257
27305,0.043696505,0.157226119,0.799077376
27306,0.078943044,0.039737059,0.881319898
27307,0.046057453,0.066607654,0.887334893
27308,0.164486612,0.11069338,0.724820008
27309,0.048426067,0.136323782,0.815250151
27310,0.106991267,0.212416966,0.680591767
27311,0.071369677,0.175767267,0.752863056
27312,0.028169335,0.089264544,0.882566121
27313,0.173389209,0.153983104,0.672627687
27314,0.06315172,0.125956045,0.810892235
27315,0.029575296,0.110141133,0.860283571
27316,0.043004331,0.175005823,0.781989846
27317,0.133762444,0.797215668,0.069021888
27318,0.04075646,0.427043612,0.532199928
27319,0.096708894,0.18396295,0.719328156
27320,0.214903977,0.138064995,0.647031028
27321,0.090302841,0.123640866,0.786056293
27322,0.10067304,0.13856641,0.76076055
27323,0.054923523,0.116863436,0.828213042
27324,0.097241461,0.15949783,0.743260709
27325,0.07242818,0.213663063,0.713908757
27326,0.100908131,0.136101028,0.762990841
27327,0.378966552,0.517348423,0.103685025
27328,0.05982872,0.293565046,0.646606233
27329,0.020677956,0.044726019,0.934596025
27330,0.042205708,0.670238526,0.287555766
27331,0.203010419,0.083030692,0.713958889
27332,0.083462989,0.124446673,0.792090338
27333,0.234818582,0.195728116,0.569453302
27334,0.029946947,0.06797535,0.902077704
27335,0.096651475,0.168133634,0.735214891
27336,0.246410909,0.083297886,0.670291205
27337,0.279594758,0.078187649,0.642217593
27338,0.07175439,0.777694836,0.150550774
27339,0.07337532,0.123443778,0.803180902
27340,0.044811042,0.134490345,0.820698613
27341,0.108347959,0.155528621,0.73612342
27342,0.075523154,0.117466807,0.807010039
27343,0.084961311,0.080570379,0.83446831
27344,0.079483509,0.103969837,0.816546654
27345,0.227220221,0.147953093,0.624826686
27346,0.101482754,0.149894773,0.748622473
27347,0.13677287,0.137573701,0.725653429
27348,0.032153956,0.290316231,0.677529813
27349,0.160133529,0.182339377,0.657527094
27350,0.17999042,0.128499609,0.691509971
27351,0.058778502,0.041952568,0.89926893
27352,0.35363376,0.048528962,0.597837277
27353,0.121968522,0.205582795,0.672448683
27354,0.07062202,0.269300568,0.660077412
27355,0.079891972,0.196329433,0.723778595
27356,0.036693229,0.093085687,0.870221084
27357,0.094345293,0.170765782,0.734888925
27358,0.006484801,0.083626027,0.909889171
27359,0.059364504,0.193309475,0.747326021
27360,0.121835891,0.316153289,0.56201082
27361,0.108996951,0.795743991,0.095259058
27362,0.160267858,0.809590001,0.03014214
27363,0.033888318,0.140371947,0.825739735
27364,0.061454161,0.492588479,0.44595736
27365,0.206878129,0.089144351,0.70397752
27366,0.104761733,0.205924387,0.68931388
27367,0.157411064,0.164703832,0.677885103
27368,0.314662929,0.303281415,0.382055657
27369,0.09911572,0.743225794,0.157658485
27370,0.200196892,0.435145376,0.364657732
27371,0.651287964,0.022387373,0.326324663
27372,0.115594332,0.095933528,0.78847214
27373,0.448984222,0.12622859,0.424787188
27374,0.087602703,0.090302373,0.822094924
27375,0.041668978,0.202096978,0.756234044
27376,0.143934722,0.158443053,0.697622225
27377,0.168432932,0.700921831,0.130645238
27378,0.439690962,0.120241915,0.440067123
27379,0.090150332,0.103770512,0.806079156
27380,0.346309975,0.236576935,0.41711309
27381,0.074786148,0.485558329,0.439655523
27382,0.158719055,0.783063352,0.058217593
27383,0.019100378,0.241834211,0.739065411
27384,0.075959079,0.372627583,0.551413338
27385,0.405399599,0.08100558,0.51359482
27386,0.052881455,0.169215208,0.777903337
27387,0.060151736,0.131838548,0.808009716
27388,0.065149421,0.275239495,0.659611084
27389,0.102965228,0.20850669,0.688528082
27390,0.099256831,0.262150869,0.6385923
27391,0.182048827,0.15831788,0.659633293
27392,0.118899548,0.113957689,0.767142763
27393,0.101367301,0.162027284,0.736605415
27394,0.081432983,0.259849086,0.658717931
27395,0.032362459,0.078263169,0.889374372
27396,0.10492446,0.212077999,0.682997541
27397,0.015529071,0.934416572,0.050054358
27398,0.090198329,0.073555502,0.836246169
27399,0.037232113,0.581051789,0.381716097
27400,0.01004293,0.181375198,0.808581873
27401,0.158087687,0.08636307,0.755549243
27402,0.022479019,0.660032361,0.31748862
27403,0.094775666,0.213628152,0.691596183
27404,0.106540889,0.834561358,0.058897753
27405,0.127484634,0.215886699,0.656628667
27406,0.237668157,0.289740324,0.472591519
27407,0.111604505,0.200239238,0.688156256
27408,0.050833809,0.181590593,0.767575598
27409,0.225383916,0.472763439,0.301852645
27410,0.023774953,0.057929216,0.91829583
27411,0.057797962,0.063077954,0.879124084
27412,0.048540669,0.580099889,0.371359442
27413,0.121569734,0.188095831,0.690334435
27414,0.039635057,0.672504673,0.28786027
27415,0.626188634,0.084175855,0.289635511
