index,0,1,2
26457,0.006652086,0.108359634,0.88498828
26458,0.057383872,0.080048138,0.86256799
26459,0.024537837,0.201530784,0.773931379
26460,0.066325975,0.147888817,0.785785208
26461,0.023247741,0.187584584,0.789167674
26462,0.049257181,0.104118734,0.846624085
26463,0.307935022,0.691566327,0.000498651
26464,0.014968788,0.103211215,0.881819997
26465,0.009650235,0.171489998,0.818859767
26466,0.006276464,0.274412125,0.719311411
26467,0.011814409,0.209154559,0.779031032
26468,0.06294712,0.253846059,0.683206821
26469,0.185937956,0.23831967,0.575742374
26470,0.011324371,0.153963623,0.834712006
26471,0.039268202,0.297737698,0.6629941
26472,0.021379148,0.352441032,0.626179821
26473,0.021416312,0.201281739,0.777301949
26474,0.215362067,0.784266167,0.000371767
26475,0.082982715,0.389127428,0.527889857
26476,0.007245519,0.488669764,0.504084717
26477,0.051173116,0.184067557,0.764759327
26478,0.070733086,0.286111255,0.643155659
26479,0.066232963,0.175398455,0.758368582
26480,0.020869231,0.101998183,0.877132585
26481,0.034700966,0.355151095,0.610147938
26482,0.070680908,0.129747291,0.799571801
26483,0.024623591,0.206565102,0.768811307
26484,0.028451241,0.322915319,0.64863344
26485,0.015611249,0.050842377,0.933546374
26486,0.030794974,0.193125222,0.776079805
26487,0.036112983,0.126600357,0.83728666
26488,0.212662721,0.781082837,0.006254442
26489,0.006218397,0.262609136,0.731172467
26490,0.01590161,0.382803991,0.6012944
26491,0.023338654,0.055058997,0.92160235
26492,0.023539037,0.122145509,0.854315455
26493,0.071478553,0.928251306,0.000270141
26494,0.016137024,0.212073678,0.771789298
26495,0.011598012,0.267704265,0.720697723
26496,0.030718395,0.385087672,0.584193933
26497,0.050156194,0.471005831,0.478837974
26498,0.076377851,0.602413888,0.321208261
26499,0.011795004,0.141340897,0.846864099
26500,0.188276764,0.440309154,0.371414082
26501,0.046824757,0.094922229,0.858253014
26502,0.02503473,0.090589832,0.884375438
26503,0.102854699,0.562256278,0.334889023
26504,0.030548249,0.319548361,0.649903389
26505,0.067714724,0.113157676,0.8191276
26506,0.026226587,0.971882872,0.00189054
26507,0.033322732,0.966181636,0.000495632
26508,0.012723728,0.402731261,0.58454501
26509,0.02763248,0.284314519,0.688053002
26510,0.027078108,0.215260834,0.757661058
26511,0.022812887,0.084443059,0.892744054
26512,0.009528166,0.170749331,0.819722503
26513,0.013965558,0.450223903,0.535810538
26514,0.075843757,0.062440174,0.861716069
26515,0.099364295,0.088733097,0.811902608
26516,0.009799788,0.255995068,0.734205144
26517,0.065092926,0.93452804,0.000379033
26518,0.077933248,0.068363012,0.853703739
26519,0.096123451,0.22474686,0.679129689
26520,0.034182382,0.621636856,0.344180762
26521,0.019086561,0.354517554,0.626395884
26522,0.014582312,0.37878187,0.606635818
26523,0.040163499,0.274951675,0.684884826
26524,0.009644585,0.128658307,0.861697108
26525,0.018552249,0.404753734,0.576694017
26526,0.008513494,0.198848602,0.792637904
26527,0.05685921,0.18723786,0.75590293
26528,0.09027711,0.908689921,0.001032969
26529,0.022372678,0.080995317,0.896632004
26530,0.00932913,0.333406757,0.657264113
26531,0.051805644,0.322849676,0.62534468
26532,0.028064069,0.116364454,0.855571477
26533,0.022753588,0.140667,0.836579412
26534,0.042074962,0.099204708,0.85872033
26535,0.075982696,0.201873322,0.722143982
26536,0.104215819,0.149853213,0.745930968
26537,0.012606081,0.052609241,0.934784678
26538,0.013015613,0.262230922,0.724753465
26539,0.013736753,0.106823337,0.879439911
26540,0.019115423,0.580806597,0.40007798
26541,0.019897467,0.251540642,0.728561891
26542,0.006941679,0.147013853,0.846044468
26543,0.08288618,0.081758017,0.835355803
26544,0.112012552,0.258139506,0.629847941
26545,0.049984681,0.56526827,0.384747049
26546,0.011900962,0.34977712,0.638321918
26547,0.110645503,0.208129882,0.681224614
26548,0.111460813,0.127204941,0.761334246
26549,0.059231034,0.940224588,0.000544378
26550,0.012870187,0.109392736,0.877737077
26551,0.007335056,0.362717399,0.629947545
26552,0.008957331,0.292280145,0.698762525
26553,0.045411092,0.09294795,0.861640958
26554,0.024969306,0.541837764,0.433192929
26555,0.035926072,0.142143974,0.821929955
26556,0.019644757,0.389501557,0.590853686
26557,0.049204537,0.144431479,0.806363984
26558,0.135522537,0.110120353,0.754357111
26559,0.059277115,0.096188604,0.844534281
26560,0.039238853,0.187734124,0.773027023
26561,0.02538753,0.254568697,0.720043773
26562,0.049386735,0.12559486,0.825018404
26563,0.040247399,0.118231037,0.841521564
26564,0.046540459,0.239222605,0.714236935
26565,0.028498702,0.409628948,0.56187235
26566,0.012944185,0.265571976,0.721483839
26567,0.011809746,0.170801277,0.817388978
26568,0.248708152,0.750993132,0.000298717
26569,0.013713313,0.134622868,0.851663819
26570,0.024464996,0.487865124,0.48766988
26571,0.051915013,0.149347625,0.798737362
26572,0.030059178,0.465752114,0.504188709
26573,0.184485834,0.196563059,0.618951107
26574,0.037367599,0.152649273,0.809983128
26575,0.161965756,0.125028366,0.713005878
26576,0.037311519,0.153983827,0.808704653
26577,0.026344424,0.069135722,0.904519854
26578,0.034790311,0.296393304,0.668816385
26579,0.078189322,0.921571408,0.00023927
26580,0.016068988,0.221548676,0.762382337
26581,0.069128665,0.328335188,0.602536147
26582,0.036434159,0.192064999,0.771500842
26583,0.031520543,0.115003007,0.85347645
26584,0.007329773,0.321737736,0.670932491
26585,0.044786,0.240232166,0.714981834
26586,0.102100013,0.423041585,0.474858402
26587,0.119365204,0.607568801,0.273065995
26588,0.008293857,0.207399704,0.784306439
26589,0.049990425,0.218680348,0.731329227
26590,0.073330945,0.239687205,0.68698185
26591,0.083769457,0.915584118,0.000646426
26592,0.047339071,0.060008026,0.892652902
26593,0.020246,0.17491368,0.80484032
26594,0.011936054,0.282897771,0.705166175
26595,0.011407438,0.169293383,0.819299179
26596,0.009286849,0.276184686,0.714528465
26597,0.019348644,0.418871078,0.561780278
26598,0.032448689,0.20723018,0.760321131
26599,0.029371864,0.201803734,0.768824402
26600,0.025912114,0.193411787,0.780676099
26601,0.023023171,0.299696915,0.677279914
26602,0.013064731,0.091697496,0.895237772
26603,0.014560719,0.095536501,0.889902781
26604,0.007250772,0.155912946,0.836836282
26605,0.020178661,0.125926294,0.853895044
26606,0.18684483,0.228387042,0.584768128
26607,0.059979648,0.936429498,0.003590853
26608,0.013858467,0.330091809,0.656049725
26609,0.035594473,0.198234334,0.766171193
26610,0.153287617,0.838420444,0.008291939
26611,0.13160621,0.373000385,0.495393405
26612,0.039053457,0.341308706,0.619637837
26613,0.182919997,0.221056325,0.596023677
26614,0.01103873,0.159905873,0.829055397
26615,0.028467878,0.156196756,0.815335366
26616,0.109715975,0.111203227,0.779080798
26617,0.061671791,0.160197481,0.778130728
26618,0.016275405,0.14388454,0.839840055
26619,0.101784056,0.348882037,0.549333907
26620,0.036532972,0.961186705,0.002280323
26621,0.155147478,0.215790839,0.629061683
26622,0.023764989,0.531248355,0.444986656
26623,0.007873699,0.429908405,0.562217895
26624,0.01772005,0.162978937,0.819301012
26625,0.056516668,0.323528079,0.619955253
26626,0.026990505,0.194544957,0.778464539
26627,0.023639042,0.287514728,0.68884623
26628,0.014595499,0.441281487,0.544123014
26629,0.059849299,0.225837644,0.714313058
26630,0.015195067,0.172128595,0.812676338
26631,0.092056367,0.149896653,0.758046979
26632,0.178008669,0.172550245,0.649441085
26633,0.015288831,0.086109857,0.898601312
26634,0.021406039,0.065493842,0.91310012
26635,0.029627308,0.194369245,0.776003447
26636,0.015701343,0.221414911,0.762883747
26637,0.011641642,0.108390648,0.87996771
26638,0.043136345,0.609946005,0.346917651
26639,0.017583527,0.544292885,0.438123588
26640,0.00729633,0.133159506,0.859544164
26641,0.084505809,0.551116719,0.364377472
26642,0.025649362,0.339789809,0.634560828
26643,0.008132512,0.237018514,0.754848974
26644,0.010002493,0.13119274,0.858804767
26645,0.010448221,0.13891544,0.850636339
26646,0.1994315,0.156771902,0.643796597
26647,0.027721417,0.271266943,0.70101164
26648,0.046627365,0.172093112,0.781279523
26649,0.040430464,0.12965063,0.829918905
26650,0.117657883,0.880998125,0.001343992
26651,0.176039061,0.821701302,0.002259636
26652,0.165690821,0.161486122,0.672823056
26653,0.073473668,0.163727204,0.762799128
26654,0.011694789,0.518473035,0.469832176
26655,0.014552679,0.228385998,0.757061323
26656,0.068715349,0.369884232,0.561400419
26657,0.077508497,0.087074583,0.835416921
26658,0.024204176,0.155202641,0.820593184
26659,0.214692578,0.137838445,0.647468977
26660,0.020046118,0.216749423,0.763204459
26661,0.041018859,0.145789643,0.813191498
26662,0.008360527,0.126032877,0.865606596
26663,0.017541659,0.328893686,0.653564655
26664,0.016824378,0.327368224,0.655807398
26665,0.040164806,0.314183649,0.645651545
26666,0.007520835,0.26981287,0.722666295
26667,0.007853535,0.125269876,0.866876589
26668,0.052024141,0.513643294,0.434332565
26669,0.016864777,0.275993521,0.707141702
26670,0.010045922,0.066945611,0.923008467
26671,0.015457863,0.048010256,0.936531882
26672,0.037969943,0.248614458,0.713415598
26673,0.164831846,0.351970878,0.483197276
26674,0.314054067,0.11308896,0.572856973
26675,0.024409071,0.223851421,0.751739508
26676,0.063493327,0.247134133,0.68937254
26677,0.014732888,0.206320864,0.778946248
26678,0.019300697,0.353246492,0.627452811
26679,0.155807799,0.300195723,0.543996478
26680,0.012710583,0.280461094,0.706828323
26681,0.075486673,0.287805671,0.636707656
26682,0.01606008,0.22127424,0.76266568
26683,0.01340463,0.542420167,0.444175203
26684,0.016359739,0.203393277,0.780246985
26685,0.052430761,0.238844252,0.708724987
26686,0.011120023,0.306613475,0.682266502
26687,0.015215349,0.219771945,0.765012706
26688,0.030828778,0.402272546,0.566898676
26689,0.084003393,0.126165871,0.789830736
26690,0.01909232,0.152722939,0.828184742
26691,0.012086719,0.124703469,0.863209812
26692,0.010201624,0.250734947,0.739063429
26693,0.093884213,0.210079671,0.696036115
26694,0.190549536,0.807678949,0.001771515
26695,0.031354993,0.242175416,0.726469591
26696,0.022576052,0.143293679,0.834130269
26697,0.006094941,0.084633299,0.90927176
26698,0.024795061,0.063553837,0.911651102
26699,0.013363558,0.232913368,0.753723074
26700,0.037188477,0.111436972,0.851374551
26701,0.080201275,0.357598171,0.562200554
26702,0.03111706,0.704454413,0.264428527
26703,0.050597575,0.236771201,0.712631224
26704,0.042165026,0.179544852,0.778290122
26705,0.032777479,0.160298186,0.806924335
26706,0.016996243,0.141178785,0.841824971
26707,0.10394889,0.119836352,0.776214758
26708,0.010276015,0.178305914,0.811418071
26709,0.125206157,0.116636641,0.758157202
26710,0.034573731,0.277837684,0.687588585
26711,0.044127999,0.318002173,0.637869827
26712,0.024165451,0.107516965,0.868317584
26713,0.040213027,0.390352516,0.569434457
26714,0.013686546,0.158882889,0.827430565
26715,0.031469736,0.163107906,0.805422358
26716,0.037959002,0.614069674,0.347971324
26717,0.046261959,0.258224458,0.695513583
26718,0.02919453,0.125753427,0.845052042
26719,0.043812629,0.147777977,0.808409393
26720,0.025848953,0.183933937,0.79021711
26721,0.016113488,0.172054122,0.811832389
26722,0.03930316,0.166225439,0.794471401
26723,0.025673206,0.304811614,0.66951518
26724,0.094748017,0.301522298,0.603729685
26725,0.005776782,0.115666419,0.878556799
26726,0.033375447,0.469000384,0.497624168
26727,0.017973118,0.082560223,0.89946666
26728,0.027075355,0.299601801,0.673322844
26729,0.036713646,0.279342636,0.683943718
26730,0.050623018,0.526105106,0.423271877
26731,0.02613848,0.180937056,0.792924465
26732,0.094104473,0.905389274,0.000506252
26733,0.043168176,0.127458758,0.829373065
26734,0.011228186,0.091660394,0.89711142
26735,0.030734264,0.148401471,0.820864266
26736,0.012301874,0.07046185,0.917236276
26737,0.085457821,0.34082843,0.573713749
26738,0.006441058,0.106889927,0.886669015
26739,0.042320016,0.147949343,0.80973064
26740,0.018832264,0.277415174,0.703752562
26741,0.069350149,0.930088598,0.000561252
26742,0.024471282,0.470622416,0.504906302
26743,0.03726577,0.144752332,0.817981898
26744,0.044122008,0.527881939,0.427996053
26745,0.015987513,0.152090756,0.831921731
26746,0.01264091,0.539216619,0.448142471
26747,0.009103248,0.538478769,0.452417983
26748,0.110851793,0.425421621,0.463726587
26749,0.027156122,0.380573178,0.5922707
26750,0.041026791,0.121508144,0.837465065
26751,0.017138925,0.261213994,0.721647082
26752,0.022899989,0.668911384,0.308188627
26753,0.041319902,0.17349916,0.785180938
26754,0.106462391,0.093730657,0.799806952
26755,0.0199485,0.270282209,0.709769291
26756,0.070560095,0.099575145,0.829864761
26757,0.068457532,0.101524134,0.830018335
26758,0.04717495,0.238250027,0.714575023
26759,0.069867666,0.273265333,0.656867002
26760,0.036343106,0.576197765,0.387459129
26761,0.041978189,0.194617852,0.763403959
26762,0.022504597,0.14311759,0.834377813
26763,0.010628644,0.62698668,0.362384676
26764,0.02803664,0.436707156,0.535256203
26765,0.095906131,0.227280284,0.676813586
26766,0.007822841,0.595230096,0.396947063
26767,0.053790088,0.2128647,0.733345212
26768,0.053615865,0.945872782,0.000511354
26769,0.021752745,0.312748841,0.665498414
26770,0.022502829,0.482722513,0.494774658
26771,0.078769999,0.920237619,0.000992382
26772,0.127728797,0.049542118,0.822729085
26773,0.010941037,0.153399064,0.835659899
26774,0.005120197,0.366246994,0.628632809
26775,0.029764167,0.380265554,0.589970279
26776,0.065177316,0.136307285,0.798515399
26777,0.072096296,0.030492785,0.897410918
26778,0.049780941,0.371100079,0.57911898
26779,0.025816986,0.071394899,0.902788114
26780,0.025227638,0.36951688,0.605255482
26781,0.07176578,0.276031352,0.652202869
26782,0.02167703,0.07788294,0.900440029
26783,0.082090215,0.28015142,0.637758365
26784,0.029974525,0.440577774,0.529447701
26785,0.053370957,0.373459029,0.573170014
26786,0.114467546,0.368273468,0.517258986
26787,0.034127211,0.203195,0.762677789
26788,0.017171545,0.452450514,0.530377941
26789,0.042005781,0.304581065,0.653413154
26790,0.028451207,0.341786523,0.62976227
26791,0.048761745,0.078863591,0.872374665
26792,0.038185466,0.192379708,0.769434826
26793,0.0198763,0.224213298,0.755910402
26794,0.029770942,0.10770495,0.862524108
26795,0.02595619,0.171826943,0.802216866
26796,0.023434035,0.976310697,0.000255268
26797,0.018439988,0.552611576,0.428948436
26798,0.112387511,0.496447218,0.391165271
26799,0.032246148,0.217372498,0.750381355
26800,0.011905062,0.987288583,0.000806355
26801,0.026748023,0.375932015,0.597319962
26802,0.036523922,0.271275725,0.692200353
26803,0.006313161,0.098703957,0.894982882
26804,0.021061933,0.413394842,0.565543225
26805,0.007876339,0.115511554,0.876612107
26806,0.010747955,0.14180704,0.847445005
26807,0.045761733,0.255463972,0.698774294
26808,0.01855855,0.439291106,0.542150345
26809,0.08411254,0.356557793,0.559329667
26810,0.009416294,0.179297532,0.811286174
26811,0.006718694,0.177358609,0.815922697
26812,0.014011538,0.173387383,0.81260108
26813,0.040067335,0.293505392,0.666427272
26814,0.028806251,0.189771338,0.781422411
26815,0.018135303,0.283246103,0.698618594
26816,0.025702691,0.544056505,0.430240803
26817,0.073479654,0.03691358,0.889606766
26818,0.064458664,0.197766335,0.737775002
26819,0.015503103,0.317330402,0.667166495
26820,0.125533444,0.873744217,0.000722339
26821,0.075003664,0.923789439,0.001206897
26822,0.021178973,0.168001703,0.810819324
26823,0.016664942,0.256037092,0.727297966
26824,0.047652791,0.329457224,0.622889985
26825,0.029839904,0.261895359,0.708264736
26826,0.025244326,0.104217275,0.870538398
26827,0.054734538,0.471735533,0.47352993
26828,0.034380394,0.176592568,0.789027038
26829,0.007177695,0.31307638,0.679745925
26830,0.067631416,0.443967454,0.48840113
26831,0.121745908,0.068258195,0.809995897
26832,0.005457228,0.076449545,0.918093227
26833,0.02378333,0.220600651,0.755616019
26834,0.009476291,0.169457822,0.821065888
26835,0.13174883,0.20177979,0.66647138
26836,0.065854373,0.524736998,0.409408629
26837,0.035089048,0.069656911,0.895254041
26838,0.113402995,0.514630947,0.371966058
26839,0.158845215,0.250607599,0.590547187
26840,0.130817933,0.330826123,0.538355944
26841,0.01127265,0.124266737,0.864460613
26842,0.013265376,0.184112248,0.802622376
26843,0.049064741,0.173562104,0.777373155
26844,0.02782938,0.514840509,0.457330111
26845,0.50008953,0.15453369,0.34537678
26846,0.014099387,0.193308188,0.792592426
26847,0.008531059,0.161478374,0.829990567
26848,0.032548652,0.06824803,0.899203318
26849,0.051247251,0.13735478,0.811397969
26850,0.031316272,0.270468417,0.698215311
26851,0.009483246,0.247776489,0.742740265
26852,0.055651155,0.439404022,0.504944823
26853,0.02454702,0.146423983,0.829028998
26854,0.048284804,0.951212228,0.000502967
26855,0.025044895,0.516959558,0.457995547
26856,0.022538968,0.277194047,0.700266985
26857,0.062602932,0.249314373,0.688082695
26858,0.012516734,0.740318642,0.247164624
26859,0.022242895,0.43135587,0.546401234
26860,0.009162747,0.653800217,0.337037035
26861,0.02233765,0.365203452,0.612458897
26862,0.021992769,0.205541209,0.772466023
26863,0.031743403,0.154835637,0.81342096
26864,0.0695609,0.393256467,0.537182634
26865,0.00936929,0.036874749,0.95375596
26866,0.032482977,0.224983089,0.742533934
26867,0.092244391,0.1475086,0.760247008
26868,0.010280057,0.068678243,0.9210417
26869,0.010136742,0.022404815,0.967458442
26870,0.03596661,0.452526102,0.511507288
26871,0.019033105,0.137015724,0.843951171
26872,0.031136654,0.209206401,0.759656945
26873,0.027134,0.499571133,0.473294867
26874,0.078548923,0.279477378,0.641973699
26875,0.03538628,0.359994257,0.604619463
26876,0.021593124,0.115382349,0.863024528
26877,0.059442365,0.067567942,0.872989692
26878,0.179651152,0.275760987,0.544587861
26879,0.066450132,0.332671426,0.600878441
26880,0.041722416,0.09589694,0.862380644
26881,0.017272759,0.373770404,0.608956837
26882,0.060826489,0.274752193,0.664421318
26883,0.024065298,0.133713473,0.842221229
26884,0.04867162,0.361623044,0.589705336
26885,0.023991186,0.12480392,0.851204894
26886,0.01533771,0.211489657,0.773172633
26887,0.010514735,0.116824375,0.872660891
26888,0.033855816,0.530442373,0.435701811
26889,0.024330461,0.157427227,0.818242312
26890,0.022347687,0.29301626,0.684636053
26891,0.022566623,0.463558692,0.513874685
26892,0.067481913,0.283367608,0.64915048
26893,0.015709926,0.171496563,0.812793512
26894,0.018196172,0.158271787,0.823532041
26895,0.036662686,0.294630514,0.6687068
26896,0.021405963,0.137735679,0.840858358
26897,0.010812158,0.602960373,0.386227469
26898,0.038059334,0.166342934,0.795597732
26899,0.020797666,0.300923888,0.678278446
26900,0.06316837,0.174348614,0.762483016
26901,0.020299126,0.242890384,0.736810489
26902,0.053324362,0.079923324,0.866752313
26903,0.021008883,0.380324708,0.598666409
26904,0.137354997,0.85273568,0.009909323
26905,0.044888926,0.286799268,0.668311806
26906,0.008245644,0.067527642,0.924226714
26907,0.008152739,0.065957736,0.925889525
26908,0.015785301,0.383225085,0.600989614
26909,0.039366798,0.385535533,0.575097669
26910,0.016579495,0.234865769,0.748554735
26911,0.013827348,0.497371759,0.488800893
26912,0.030195112,0.111159152,0.858645735
26913,0.13717502,0.298016347,0.564808632
26914,0.015299542,0.107371219,0.877329238
26915,0.036838029,0.081829819,0.881332152
26916,0.056961283,0.942817922,0.000220794
26917,0.063960686,0.22189571,0.714143604
26918,0.041709665,0.10177527,0.856515064
26919,0.05896378,0.408750648,0.532285572
26920,0.018588647,0.385107264,0.596304089
26921,0.022944299,0.564383833,0.412671867
26922,0.029711804,0.61529248,0.354995716
26923,0.025112212,0.14938457,0.825503218
26924,0.010911304,0.059993796,0.9290949
26925,0.017046869,0.107609893,0.875343238
26926,0.077626216,0.237952261,0.684421522
26927,0.020633427,0.510004513,0.469362059
26928,0.035168483,0.963631927,0.00119959
26929,0.044896045,0.199602128,0.755501826
26930,0.019959012,0.285242733,0.694798256
26931,0.10089404,0.898627902,0.000478057
26932,0.060582934,0.322717876,0.61669919
26933,0.465178969,0.074368589,0.460452442
26934,0.018144313,0.213653363,0.768202324
26935,0.073116019,0.144909138,0.781974842
26936,0.02802104,0.222645095,0.749333866
26937,0.02636352,0.37771276,0.595923719
26938,0.144669307,0.852126762,0.003203931
26939,0.10945025,0.886605355,0.003944395
26940,0.01001892,0.244649722,0.745331358
26941,0.040778548,0.168915672,0.79030578
26942,0.010374752,0.1970203,0.792604948
26943,0.030844552,0.61853132,0.350624129
26944,0.035762013,0.103760987,0.860476999
26945,0.011133526,0.351016681,0.637849792
26946,0.028114888,0.17955871,0.792326402
26947,0.013413125,0.166913696,0.819673179
26948,0.069902335,0.250777496,0.67932017
26949,0.15139474,0.277206549,0.571398711
26950,0.058106315,0.24469482,0.697198866
26951,0.127584818,0.523242766,0.349172416
26952,0.048991517,0.369096332,0.581912151
26953,0.012753073,0.034687827,0.9525591
26954,0.008277255,0.250271408,0.741451337
26955,0.031500254,0.231649198,0.736850548
26956,0.07717614,0.26055311,0.66227075
26957,0.070020679,0.308875815,0.621103506
26958,0.017892402,0.183299265,0.798808334
26959,0.011172631,0.273994187,0.714833182
26960,0.024067161,0.363852447,0.612080392
26961,0.028913306,0.119698954,0.85138774
26962,0.013655696,0.437016707,0.549327597
26963,0.093884213,0.210079671,0.696036115
26964,0.035290779,0.285596312,0.679112909
26965,0.011359892,0.453826455,0.534813653
26966,0.021405963,0.137735679,0.840858358
26967,0.011601188,0.098737867,0.889660945
26968,0.042647667,0.325968771,0.631383562
26969,0.038633128,0.423586905,0.537779967
26970,0.062392202,0.272677918,0.664929881
26971,0.072267972,0.3920439,0.535688129
26972,0.015052934,0.270675499,0.714271567
26973,0.034349946,0.082983537,0.882666517
26974,0.159019611,0.119185971,0.721794418
26975,0.025722812,0.138495734,0.835781454
26976,0.055963385,0.942622899,0.001413716
26977,0.018890352,0.172391992,0.808717656
26978,0.051062249,0.101258529,0.847679222
26979,0.013481854,0.404671006,0.581847139
26980,0.017812642,0.176525054,0.805662304
26981,0.021723009,0.325854549,0.652422442
26982,0.034292447,0.368228128,0.597479426
26983,0.061154476,0.135734028,0.803111496
26984,0.016429288,0.076272901,0.907297811
26985,0.021826569,0.291248693,0.686924738
26986,0.009411416,0.046040708,0.944547876
26987,0.019440258,0.341189183,0.639370559
26988,0.04118544,0.666511596,0.292302965
26989,0.037646555,0.245789728,0.716563717
26990,0.019216606,0.141444725,0.839338669
26991,0.03455605,0.278533494,0.686910456
26992,0.027659362,0.68039245,0.291948188
26993,0.022497104,0.279612923,0.697889973
26994,0.191288962,0.146823776,0.661887263
26995,0.016144216,0.258226764,0.72562902
26996,0.008965525,0.228164857,0.762869619
26997,0.038816909,0.468844956,0.492338136
26998,0.07837605,0.117774995,0.803848955
26999,0.141935372,0.226278288,0.631786339
27000,0.056060882,0.688987163,0.254951954
27001,0.022745175,0.224988975,0.75226585
27002,0.011270935,0.148135958,0.840593106
27003,0.092313767,0.408448031,0.499238202
27004,0.019739152,0.174048887,0.806211962
27005,0.012058731,0.180464233,0.807477036
27006,0.071220954,0.137726023,0.791053024
27007,0.03485103,0.456012227,0.509136744
27008,0.110565186,0.368655448,0.520779365
27009,0.097698421,0.281643642,0.620657937
27010,0.007722526,0.327130581,0.665146893
27011,0.021248906,0.696202978,0.282548116
27012,0.02554651,0.04207705,0.93237644
27013,0.084465375,0.123652455,0.79188217
27014,0.010054339,0.473125371,0.51682029
27015,0.056455929,0.483957515,0.459586556
27016,0.055368181,0.200187573,0.744444246
27017,0.026564748,0.289367138,0.684068114
27018,0.019914674,0.129402599,0.850682727
27019,0.030232223,0.148359324,0.821408452
27020,0.02084504,0.676677537,0.302477423
27021,0.01528043,0.16107394,0.82364563
27022,0.01243627,0.066317002,0.921246727
27023,0.120428496,0.349926553,0.52964495
27024,0.023409367,0.353845656,0.622744977
27025,0.007152784,0.146328979,0.846518237
27026,0.072571947,0.126813163,0.80061489
27027,0.040473048,0.378030291,0.581496662
27028,0.174556739,0.164889387,0.660553874
27029,0.018220652,0.143087286,0.838692063
27030,0.029685904,0.802770555,0.167543541
27031,0.430298934,0.187904278,0.381796788
27032,0.027379416,0.329432912,0.643187672
27033,0.053204471,0.091873453,0.854922076
27034,0.024023647,0.110180159,0.865796194
27035,0.099489055,0.184772953,0.715737991
27036,0.108959099,0.285914049,0.605126851
27037,0.073123683,0.112117934,0.814758383
27038,0.088339738,0.297372065,0.614288196
27039,0.035684973,0.432855483,0.531459544
27040,0.032755632,0.21087912,0.756365248
27041,0.017027687,0.179800339,0.803171975
27042,0.236721048,0.76297327,0.000305682
27043,0.030485921,0.143344149,0.826169929
27044,0.01835558,0.239792508,0.741851912
27045,0.015404891,0.288145024,0.696450086
27046,0.007514923,0.19516323,0.797321848
27047,0.027849059,0.621748331,0.350402609
27048,0.104642303,0.894143682,0.001214014
27049,0.09170337,0.500284978,0.408011653
27050,0.010683119,0.130405732,0.858911149
27051,0.012224302,0.255672957,0.732102742
27052,0.013839336,0.205947168,0.780213496
27053,0.009656237,0.260433694,0.729910069
27054,0.157495578,0.213024603,0.629479819
27055,0.145747458,0.853847542,0.000404999
27056,0.070592607,0.928660961,0.000746431
27057,0.01158339,0.259191571,0.729225039
27058,0.016871814,0.168237009,0.814891177
27059,0.015054407,0.218748121,0.766197472
27060,0.01287284,0.225278413,0.761848746
27061,0.11193894,0.343451608,0.544609452
27062,0.086273367,0.251731613,0.66199502
27063,0.022701481,0.129854312,0.847444207
27064,0.0069431,0.042611656,0.950445245
27065,0.014570818,0.29798641,0.687442772
27066,0.019796687,0.034686988,0.945516324
27067,0.014910055,0.413894713,0.571195233
27068,0.09836829,0.317470502,0.584161208
27069,0.008653205,0.15649606,0.834850735
27070,0.018773234,0.181902774,0.799323991
27071,0.035897895,0.082037822,0.882064283
27072,0.031934438,0.360355941,0.607709621
27073,0.02358673,0.184120575,0.792292695
27074,0.035076874,0.434037648,0.530885477
27075,0.088849631,0.356016446,0.555133923
27076,0.054768171,0.288729225,0.656502604
27077,0.015164763,0.184979301,0.799855936
27078,0.00987773,0.152400767,0.837721503
27079,0.068617606,0.314042765,0.617339629
27080,0.009460853,0.598035136,0.392504011
27081,0.065920841,0.288541987,0.645537173
27082,0.058363835,0.124051865,0.8175843
27083,0.027794556,0.192817546,0.779387898
27084,0.031136492,0.384469572,0.584393936
27085,0.072277691,0.07488911,0.852833199
27086,0.055702559,0.242483275,0.701814166
27087,0.038687884,0.248201286,0.71311083
27088,0.02620549,0.277198211,0.696596299
27089,0.061928166,0.292634681,0.645437153
27090,0.049465752,0.233853413,0.716680835
27091,0.061029565,0.248980329,0.689990106
27092,0.123847404,0.873591786,0.00256081
27093,0.036219908,0.444584805,0.519195287
27094,0.151984737,0.323113687,0.524901576
27095,0.007955448,0.126736919,0.865307633
27096,0.035048725,0.589495669,0.375455606
27097,0.021069508,0.525145521,0.453784971
27098,0.024408722,0.546775213,0.428816065
27099,0.082792124,0.305768877,0.611439
27100,0.011718207,0.087049539,0.901232255
27101,0.021703765,0.540784972,0.437511262
27102,0.009533369,0.209163324,0.781303307
27103,0.018228925,0.311332226,0.670438849
27104,0.052481588,0.121800592,0.825717819
27105,0.128679449,0.183899365,0.687421186
27106,0.007493839,0.078199445,0.914306716
27107,0.036466403,0.204564886,0.758968711
27108,0.038229185,0.236006346,0.725764469
27109,0.056886472,0.357945669,0.585167858
27110,0.024527905,0.361738851,0.613733244
27111,0.045969005,0.163623093,0.790407902
27112,0.351795426,0.084651377,0.563553197
27113,0.010262375,0.436149765,0.553587861
27114,0.066408463,0.067628838,0.865962699
27115,0.063313562,0.746826123,0.189860315
27116,0.044320727,0.351866387,0.603812886
27117,0.06924238,0.903628039,0.02712958
27118,0.009841577,0.13844189,0.851716533
27119,0.011749655,0.714247474,0.274002872
27120,0.139962868,0.858571748,0.001465384
27121,0.022710731,0.97670508,0.000584189
27122,0.005651798,0.172689007,0.821659195
27123,0.021775531,0.083005675,0.895218794
27124,0.07088266,0.307323058,0.621794282
27125,0.024217468,0.296367476,0.679415056
27126,0.007372331,0.08185497,0.910772699
27127,0.008832633,0.37507965,0.616087717
27128,0.010860299,0.141139487,0.848000213
27129,0.109186336,0.313080272,0.577733392
27130,0.079662203,0.434253195,0.486084601
27131,0.077771934,0.394978825,0.52724924
27132,0.080386847,0.306642973,0.61297018
27133,0.007127265,0.190995791,0.801876945
27134,0.023193832,0.197171508,0.779634661
27135,0.060594395,0.938307991,0.001097614
27136,0.009229392,0.163159326,0.827611282
27137,0.036911164,0.093589627,0.869499209
27138,0.031662038,0.271923681,0.696414281
27139,0.014671796,0.192423925,0.792904279
27140,0.319551325,0.200918139,0.479530536
27141,0.011542731,0.408942427,0.579514842
27142,0.202589037,0.328232746,0.469178216
27143,0.015381647,0.16692262,0.817695733
27144,0.062922459,0.268327493,0.668750048
27145,0.277348756,0.303714641,0.418936603
27146,0.035390788,0.143502955,0.821106257
27147,0.023065966,0.385770482,0.591163552
27148,0.014099653,0.103892124,0.882008223
27149,0.009429571,0.685180773,0.305389657
27150,0.026462587,0.185768964,0.78776845
27151,0.029728624,0.165024567,0.805246809
27152,0.301605576,0.111023985,0.587370439
27153,0.021922558,0.19208662,0.785990822
27154,0.018128529,0.25369742,0.728174051
27155,0.014417602,0.111096863,0.874485536
27156,0.172279405,0.084103325,0.74361727
27157,0.12731644,0.116595817,0.756087742
27158,0.011873677,0.157937136,0.830189187
27159,0.008518159,0.102930966,0.888550876
27160,0.01711731,0.189547718,0.793334972
27161,0.031874924,0.126303068,0.841822008
27162,0.053473532,0.558559172,0.387967296
27163,0.015277904,0.172964849,0.811757246
27164,0.022589489,0.246500757,0.730909754
27165,0.061081411,0.285563772,0.653354817
27166,0.025978966,0.146741451,0.827279583
27167,0.050093893,0.491581171,0.458324937
27168,0.025745254,0.312624902,0.661629844
27169,0.01095878,0.105852877,0.883188343
27170,0.298960071,0.204620325,0.496419604
27171,0.044356027,0.45417495,0.501469023
27172,0.009693162,0.281856588,0.70845025
27173,0.021243678,0.408877883,0.569878439
27174,0.056227205,0.290046816,0.65372598
27175,0.099150743,0.41632005,0.484529207
27176,0.011790138,0.2171693,0.771040562
27177,0.042714457,0.267680327,0.689605216
27178,0.016658522,0.277373442,0.705968035
27179,0.035082779,0.24306458,0.721852641
27180,0.037248063,0.172797091,0.789954846
27181,0.036993448,0.163984922,0.79902163
27182,0.03390067,0.086316248,0.879783082
27183,0.03490652,0.271450123,0.693643357
27184,0.06680672,0.186270278,0.746923002
27185,0.042191877,0.206030383,0.75177774
27186,0.036269613,0.329505453,0.634224934
27187,0.029485687,0.219644134,0.750870179
27188,0.019363593,0.220536388,0.760100019
27189,0.007204536,0.07738357,0.915411894
27190,0.058267633,0.04897023,0.892762137
27191,0.29788086,0.701413659,0.000705481
27192,0.029100104,0.378998306,0.591901589
27193,0.011818259,0.12541707,0.862764671
27194,0.055237912,0.225139823,0.719622264
27195,0.018330025,0.186783446,0.794886529
27196,0.030645012,0.128184588,0.8411704
27197,0.026692751,0.411071613,0.562235636
27198,0.016565035,0.091509367,0.891925599
27199,0.016920994,0.201051434,0.782027573
27200,0.015378594,0.515028421,0.469592985
27201,0.052116341,0.310044222,0.637839437
27202,0.016816204,0.297257703,0.685926093
27203,0.063267965,0.232793433,0.703938603
27204,0.225250874,0.123610508,0.651138618
27205,0.030375905,0.21351838,0.756105715
27206,0.00522306,0.265451601,0.729325339
27207,0.00957883,0.273343034,0.717078137
27208,0.017892566,0.188212778,0.793894656
27209,0.117986991,0.131804954,0.750208055
27210,0.029657517,0.274317376,0.696025108
27211,0.030072253,0.214075087,0.75585266
27212,0.009238233,0.103497343,0.887264424
27213,0.015088496,0.083588431,0.901323072
27214,0.028081637,0.375642437,0.596275926
27215,0.037381313,0.221728612,0.740890075
27216,0.075843103,0.052771306,0.871385592
27217,0.290599789,0.172789512,0.536610699
27218,0.035825882,0.210226981,0.753947137
27219,0.041897175,0.207622214,0.750480611
27220,0.016335212,0.316483553,0.667181235
27221,0.114838925,0.540126673,0.345034402
27222,0.44627884,0.552049707,0.001671453
27223,0.030601069,0.178924996,0.790473935
27224,0.017647883,0.240802452,0.741549665
27225,0.010374733,0.064998914,0.924626353
27226,0.40764135,0.585768149,0.006590501
27227,0.07093716,0.928697514,0.000365326
27228,0.024890518,0.333637037,0.641472445
27229,0.026630276,0.19221513,0.781154595
27230,0.035125305,0.090692817,0.874181879
27231,0.011772841,0.124567668,0.863659491
27232,0.008044157,0.252008303,0.73994754
27233,0.052075375,0.482007362,0.465917263
27234,0.002957526,0.089627101,0.907415373
27235,0.019068292,0.139920887,0.841010821
27236,0.048656003,0.16106879,0.790275207
27237,0.102794844,0.572299126,0.32490603
27238,0.066695504,0.221070386,0.712234109
27239,0.075497049,0.284151263,0.640351688
27240,0.072490408,0.926204831,0.00130476
27241,0.064856343,0.318993384,0.616150272
27242,0.072177548,0.034701604,0.893120848
27243,0.016100644,0.176175153,0.807724203
27244,0.020814322,0.143555972,0.835629706
27245,0.040629359,0.180191945,0.779178696
27246,0.043788183,0.254218862,0.701992955
27247,0.042099632,0.05972714,0.898173228
27248,0.020243959,0.510492433,0.469263608
27249,0.014420953,0.165782205,0.819796841
27250,0.006200856,0.138144391,0.855654753
27251,0.005311841,0.227367252,0.767320908
27252,0.191014884,0.279406298,0.529578818
27253,0.018014325,0.180812312,0.801173363
27254,0.010190438,0.224295969,0.765513593
27255,0.015019556,0.100773175,0.884207269
27256,0.018976716,0.304079408,0.676943876
27257,0.023638066,0.274937747,0.701424187
27258,0.012180772,0.079919421,0.907899807
27259,0.107515715,0.383873818,0.508610466
27260,0.04896325,0.274841598,0.676195151
27261,0.015551577,0.116474255,0.867974168
27262,0.019049741,0.322973137,0.657977122
27263,0.046859942,0.60493194,0.348208118
27264,0.014385825,0.098730561,0.886883614
27265,0.049562795,0.115313405,0.8351238
27266,0.038497999,0.341541932,0.619960069
27267,0.01984764,0.45369259,0.52645977
27268,0.025144672,0.077426374,0.897428953
27269,0.02288963,0.149212021,0.827898349
27270,0.045135195,0.201767996,0.75309681
27271,0.018122918,0.287740694,0.694136388
27272,0.007242642,0.078346795,0.914410563
27273,0.058692981,0.267565427,0.673741592
27274,0.036254485,0.070869237,0.892876278
27275,0.019221055,0.151946746,0.828832199
27276,0.050991465,0.146195294,0.802813241
27277,0.033294377,0.13809781,0.828607813
27278,0.007839731,0.074473361,0.917686908
27279,0.050204902,0.225144799,0.724650299
27280,0.053652672,0.178593918,0.76775341
27281,0.180040077,0.220250123,0.5997098
27282,0.004735261,0.449828191,0.545436548
27283,0.038208033,0.960274009,0.001517959
27284,0.031639863,0.965423578,0.002936558
27285,0.032778374,0.349315284,0.617906342
27286,0.027215726,0.510324508,0.462459766
27287,0.071166992,0.186151143,0.742681866
27288,0.011414654,0.330099685,0.658485661
27289,0.030253997,0.197196633,0.77254937
27290,0.006648828,0.483468461,0.509882711
27291,0.072063426,0.154224896,0.773711678
27292,0.019039263,0.801912789,0.179047948
27293,0.012386685,0.134791932,0.852821383
27294,0.021520427,0.252944759,0.725534815
27295,0.008864467,0.155272897,0.835862636
27296,0.06541795,0.647678376,0.286903673
27297,0.029455515,0.398656934,0.571887552
27298,0.017857741,0.207343693,0.774798566
27299,0.012950363,0.238710298,0.748339339
27300,0.043143005,0.103021752,0.853835243
27301,0.024512495,0.251511118,0.723976387
27302,0.066405289,0.634445558,0.299149153
27303,0.02148523,0.041810206,0.936704564
27304,0.050033733,0.255461785,0.694504482
27305,0.029301357,0.401723925,0.568974718
27306,0.088887705,0.043238071,0.867874224
27307,0.012531141,0.128443624,0.859025235
27308,0.01936294,0.161849028,0.818788032
27309,0.017609605,0.157893581,0.824496814
27310,0.017126175,0.146417197,0.836456628
27311,0.004362634,0.05106772,0.944569646
27312,0.014000952,0.103683165,0.882315883
27313,0.04448089,0.468677457,0.486841652
27314,0.099688046,0.16926698,0.731044974
27315,0.009435981,0.240228237,0.750335782
27316,0.009882395,0.230823301,0.759294304
27317,0.097489796,0.902233488,0.000276716
27318,0.026460898,0.714117083,0.259422019
27319,0.025064009,0.303924725,0.671011267
27320,0.051949304,0.282877924,0.665172771
27321,0.013220192,0.191369384,0.795410424
27322,0.124010617,0.271109352,0.604880031
27323,0.015656946,0.181667216,0.802675838
27324,0.060646869,0.167899647,0.771453484
27325,0.006258635,0.259405979,0.734335385
27326,0.033622188,0.251139358,0.715238453
27327,0.050667732,0.946884278,0.002447991
27328,0.01114891,0.242603481,0.746247609
27329,0.013471898,0.46484683,0.521681272
27330,0.059731411,0.686712609,0.25355598
27331,0.104311134,0.158914173,0.736774693
27332,0.033659221,0.08653475,0.879806028
27333,0.023540703,0.327014179,0.649445118
27334,0.05701499,0.084621199,0.858363811
27335,0.040139403,0.108218817,0.85164178
27336,0.123602779,0.246796503,0.629600718
27337,0.179751006,0.057448362,0.762800632
27338,0.050468501,0.946001611,0.003529888
27339,0.014075794,0.109370963,0.876553243
27340,0.065168931,0.16926279,0.765568279
27341,0.067863394,0.245022046,0.68711456
27342,0.012204414,0.076610418,0.911185169
27343,0.004817443,0.055688352,0.939494206
27344,0.036702344,0.122669103,0.840628553
27345,0.209324382,0.322501881,0.468173738
27346,0.03542517,0.079487891,0.88508694
27347,0.050392731,0.2656922,0.68391507
27348,0.014505929,0.28393462,0.701559451
27349,0.009551491,0.104932105,0.885516405
27350,0.011272894,0.158451342,0.830275764
27351,0.013957733,0.025829,0.960213267
27352,0.165158589,0.26027501,0.574566401
27353,0.028401146,0.290974926,0.680623928
27354,0.048358769,0.210000026,0.741641204
27355,0.023179166,0.182497232,0.794323602
27356,0.016186114,0.07906453,0.904749356
27357,0.011034142,0.370722655,0.618243203
27358,0.004920297,0.061776098,0.933303605
27359,0.012506728,0.18425288,0.803240391
27360,0.008771599,0.246990715,0.744237686
27361,0.016372826,0.983329584,0.00029759
27362,0.055709547,0.639628761,0.304661692
27363,0.052876076,0.289986603,0.657137321
27364,0.060965015,0.500796037,0.438238947
27365,0.231924212,0.206946788,0.561129
27366,0.081744027,0.36497935,0.553276623
27367,0.0242986,0.331682162,0.644019238
27368,0.113967619,0.360512832,0.52551955
27369,0.116663376,0.882308006,0.001028618
27370,0.177902213,0.820957425,0.001140361
27371,0.239164127,0.066394155,0.694441718
27372,0.022413904,0.080305309,0.897280788
27373,0.145604192,0.438821726,0.415574082
27374,0.028746622,0.182097387,0.789155991
27375,0.024975773,0.233631145,0.741393082
27376,0.039744925,0.07741554,0.882839535
27377,0.069449667,0.349467351,0.581082983
27378,0.10495884,0.490507912,0.404533248
27379,0.058532294,0.271095222,0.670372484
27380,0.159445116,0.465682766,0.374872118
27381,0.010361907,0.477800601,0.511837491
27382,0.032204452,0.350345682,0.617449866
27383,0.007626468,0.211855013,0.780518519
27384,0.034996268,0.23334204,0.731661692
27385,0.10569565,0.18782942,0.706474931
27386,0.017082941,0.157253591,0.825663468
27387,0.010810066,0.352155173,0.637034762
27388,0.079175126,0.370657916,0.550166959
27389,0.031546112,0.255972904,0.712480985
27390,0.083346082,0.26783088,0.648823038
27391,0.095863317,0.203057561,0.701079123
27392,0.124713785,0.333761747,0.541524468
27393,0.016687449,0.094670373,0.888642178
27394,0.029515399,0.233180887,0.737303714
27395,0.006621327,0.155153461,0.838225213
27396,0.04582087,0.399026624,0.555152506
27397,0.023084638,0.866587326,0.110328037
27398,0.042888236,0.066870418,0.890241346
27399,0.005319575,0.365274345,0.62940608
27400,0.016713321,0.097121075,0.886165604
27401,0.049185933,0.431450519,0.519363548
27402,0.013024111,0.677584724,0.309391165
27403,0.011161835,0.086959355,0.90187881
27404,0.082658914,0.916879715,0.000461371
27405,0.038429191,0.216928818,0.744641992
27406,0.101111432,0.355782735,0.543105832
27407,0.011613229,0.17921992,0.809166851
27408,0.033427867,0.128952064,0.837620069
27409,0.10699892,0.72092882,0.17207226
27410,0.018830784,0.177161785,0.80400743
27411,0.00775745,0.079966917,0.912275633
27412,0.027849059,0.621748331,0.350402609
27413,0.009595783,0.095646154,0.894758063
27414,0.012269005,0.522695166,0.46503583
27415,0.261006366,0.203754251,0.535239383
27416,0.080604483,0.097794646,0.821600871
