index,0,1,2
26457,0.071709177,0.093930268,0.834360555
26458,0.192052719,0.121075089,0.686872192
26459,0.044067845,0.110034148,0.845898006
26460,0.140381902,0.108190981,0.751427117
26461,0.125355099,0.248805404,0.625839497
26462,0.071894871,0.119937969,0.80816716
26463,0.365827816,0.633559872,0.000612313
26464,0.086756554,0.155745009,0.757498438
26465,0.050891393,0.121700717,0.82740789
26466,0.052550562,0.281200211,0.666249226
26467,0.08145341,0.191530097,0.727016493
26468,0.070088728,0.119034004,0.810877268
26469,0.335864787,0.147904479,0.516230734
26470,0.066827865,0.13413398,0.799038155
26471,0.098786004,0.314167518,0.587046479
26472,0.107821863,0.196222571,0.695955566
26473,0.069097845,0.106210777,0.824691377
26474,0.285123597,0.714400844,0.00047556
26475,0.199771418,0.290154355,0.510074228
26476,0.047635053,0.374587855,0.577777092
26477,0.161271745,0.219729765,0.61899849
26478,0.10825476,0.10752727,0.78421797
26479,0.066127097,0.224814269,0.709058634
26480,0.066971705,0.102417302,0.830610992
26481,0.057243376,0.299141175,0.643615449
26482,0.219417927,0.077124238,0.703457835
26483,0.065385162,0.174943979,0.75967086
26484,0.140562316,0.315911032,0.543526652
26485,0.054741846,0.080116556,0.865141598
26486,0.114421949,0.254417589,0.631160462
26487,0.123806267,0.136684761,0.739508972
26488,0.190599852,0.788541978,0.02085817
26489,0.066426994,0.34452469,0.589048316
26490,0.112426682,0.375236364,0.512336954
26491,0.075446837,0.097280416,0.827272746
26492,0.04472306,0.145474139,0.809802801
26493,0.252077246,0.747234095,0.000688659
26494,0.059549465,0.155480139,0.784970396
26495,0.067209428,0.135085721,0.797704851
26496,0.125289145,0.210626871,0.664083984
26497,0.080524033,0.544361602,0.375114365
26498,0.17271257,0.370159308,0.457128121
26499,0.067384417,0.186838755,0.745776828
26500,0.105543095,0.33580757,0.558649334
26501,0.052583019,0.110634288,0.836782694
26502,0.037718574,0.068747363,0.893534062
26503,0.09845487,0.274171673,0.627373457
26504,0.098281929,0.206178928,0.695539142
26505,0.067873006,0.094975541,0.837151453
26506,0.070055032,0.920962844,0.008982124
26507,0.124935923,0.873367194,0.001696884
26508,0.060854343,0.33071814,0.608427518
26509,0.087140814,0.16562912,0.747230066
26510,0.07022919,0.226681716,0.703089094
26511,0.079274457,0.087945262,0.832780281
26512,0.047775006,0.141812341,0.810412653
26513,0.082227142,0.190393452,0.727379406
26514,0.059798057,0.092161245,0.848040698
26515,0.168777814,0.126010958,0.705211227
26516,0.076927301,0.320183862,0.602888838
26517,0.229954526,0.768875626,0.001169848
26518,0.100751327,0.136792318,0.762456355
26519,0.491600512,0.136513663,0.371885825
26520,0.04418239,0.740136955,0.215680655
26521,0.064907068,0.108126698,0.826966233
26522,0.066177244,0.180725724,0.753097032
26523,0.136350182,0.24203172,0.621618098
26524,0.050034829,0.200535603,0.749429568
26525,0.176036442,0.210612957,0.613350601
26526,0.069120001,0.12706932,0.803810679
26527,0.088763751,0.17714532,0.734090928
26528,0.134978203,0.862085633,0.002936164
26529,0.065455873,0.062404706,0.872139421
26530,0.049239864,0.177452121,0.773308015
26531,0.057277111,0.173812744,0.768910144
26532,0.236845314,0.174544551,0.588610135
26533,0.072913246,0.148497577,0.778589177
26534,0.028004198,0.05454721,0.917448591
26535,0.071857515,0.155370625,0.77277186
26536,0.110914851,0.28845416,0.600630989
26537,0.063346212,0.061557594,0.875096194
26538,0.037665025,0.375514504,0.586820471
26539,0.080993911,0.13751396,0.781492128
26540,0.147516281,0.474295694,0.378188025
26541,0.061844379,0.133099787,0.805055834
26542,0.074447984,0.144867109,0.780684907
26543,0.25761991,0.071262425,0.671117665
26544,0.126009846,0.082194957,0.791795198
26545,0.185219402,0.291125794,0.523654803
26546,0.075975733,0.352310664,0.571713603
26547,0.051039136,0.100938744,0.84802212
26548,0.096219754,0.118916913,0.784863333
26549,0.174048337,0.824823676,0.001127987
26550,0.094755373,0.188443569,0.716801058
26551,0.032218335,0.235136971,0.732644694
26552,0.040033305,0.190104796,0.769861899
26553,0.057844603,0.095716143,0.846439254
26554,0.055718813,0.406089385,0.538191801
26555,0.186788845,0.173318283,0.639892873
26556,0.059004469,0.210288759,0.730706772
26557,0.102700192,0.12087749,0.776422318
26558,0.26040707,0.109381603,0.630211327
26559,0.211294901,0.108827186,0.679877913
26560,0.119892413,0.214343416,0.665764171
26561,0.074014434,0.176075013,0.749910553
26562,0.073511171,0.084786408,0.841702421
26563,0.090200998,0.08643154,0.823367462
26564,0.059973697,0.184881498,0.755144805
26565,0.114818477,0.262372935,0.622808589
26566,0.106351471,0.194889312,0.698759217
26567,0.052029682,0.144560282,0.803410036
26568,0.439475466,0.559749199,0.000775335
26569,0.073598754,0.193075548,0.733325698
26570,0.144145685,0.402998213,0.452856102
26571,0.064276062,0.070662666,0.865061272
26572,0.107665772,0.342281584,0.550052643
26573,0.108471916,0.099247644,0.79228044
26574,0.23768849,0.079061174,0.683250336
26575,0.100836821,0.104591792,0.794571387
26576,0.056480166,0.09524818,0.848271654
26577,0.072462919,0.105396295,0.822140786
26578,0.102871221,0.373382503,0.523746276
26579,0.332267586,0.667139515,0.000592899
26580,0.053835883,0.138919224,0.807244892
26581,0.115919329,0.304899057,0.579181613
26582,0.061452075,0.113578903,0.824969022
26583,0.051173177,0.100188788,0.848638034
26584,0.043167098,0.187232882,0.76960002
26585,0.135005354,0.26865061,0.596344036
26586,0.347905828,0.225828458,0.426265713
26587,0.163663682,0.510463163,0.325873155
26588,0.02674088,0.118550264,0.854708856
26589,0.081618998,0.180993172,0.737387829
26590,0.112962694,0.344528122,0.542509184
26591,0.142924408,0.85577975,0.001295842
26592,0.352333218,0.073935106,0.573731676
26593,0.12106122,0.22110254,0.657836241
26594,0.130635065,0.346837178,0.522527757
26595,0.035102575,0.086166327,0.878731098
26596,0.045053791,0.091589016,0.863357193
26597,0.119500366,0.472422951,0.408076683
26598,0.104863998,0.190176506,0.704959496
26599,0.093361672,0.153955831,0.752682496
26600,0.046860559,0.062952758,0.890186684
26601,0.080483367,0.197306315,0.722210318
26602,0.029170417,0.110754045,0.860075538
26603,0.044676059,0.091850495,0.863473446
26604,0.092694806,0.189477169,0.717828025
26605,0.068685698,0.151739603,0.779574699
26606,0.238245054,0.138015596,0.623739349
26607,0.125107801,0.870853833,0.004038366
26608,0.022432376,0.12894543,0.848622193
26609,0.109212923,0.12207283,0.768714247
26610,0.408116447,0.579648999,0.012234554
26611,0.149491496,0.214768142,0.635740363
26612,0.124993579,0.215004099,0.660002322
26613,0.142713572,0.210166601,0.647119827
26614,0.066903122,0.141913294,0.791183585
26615,0.08934165,0.158234731,0.752423618
26616,0.138684771,0.094547706,0.766767523
26617,0.129940981,0.146836924,0.723222094
26618,0.113000549,0.161987743,0.725011708
26619,0.180947219,0.23793714,0.581115641
26620,0.199845749,0.796133555,0.004020696
26621,0.083854783,0.095205625,0.820939592
26622,0.081644572,0.424883977,0.493471451
26623,0.034868975,0.403721029,0.561409996
26624,0.026854397,0.108882668,0.864262936
26625,0.230674334,0.160413908,0.608911757
26626,0.122043454,0.091237737,0.786718809
26627,0.063659163,0.130469815,0.805871022
26628,0.054016412,0.234753592,0.711229996
26629,0.100422523,0.156107195,0.743470282
26630,0.093849673,0.193292396,0.712857931
26631,0.059420241,0.100691778,0.839887981
26632,0.14012264,0.162942984,0.696934376
26633,0.057315982,0.095750597,0.846933421
26634,0.049305374,0.073831859,0.876862767
26635,0.066433297,0.197069675,0.736497028
26636,0.074428785,0.290354583,0.635216632
26637,0.035777351,0.081884461,0.882338187
26638,0.169234897,0.441498221,0.389266882
26639,0.271317352,0.2103357,0.518346948
26640,0.050718851,0.075011976,0.874269173
26641,0.193186093,0.529061221,0.277752686
26642,0.094510291,0.098512769,0.80697694
26643,0.089484072,0.171171811,0.739344117
26644,0.122928657,0.196350909,0.680720434
26645,0.069348852,0.095090125,0.835561022
26646,0.531913558,0.136215008,0.331871434
26647,0.087223081,0.190315556,0.722461363
26648,0.108858439,0.395328744,0.495812817
26649,0.073966674,0.123691542,0.802341784
26650,0.455219332,0.539973415,0.004807252
26651,0.209562981,0.78893513,0.001501888
26652,0.292534608,0.120568232,0.58689716
26653,0.258693634,0.193848112,0.547458253
26654,0.12613323,0.375091572,0.498775198
26655,0.040771844,0.26958919,0.689638965
26656,0.156673167,0.163799242,0.679527591
26657,0.173040268,0.113267487,0.713692245
26658,0.092204432,0.194060434,0.713735134
26659,0.255978515,0.172130869,0.571890616
26660,0.101525568,0.301946185,0.596528247
26661,0.099068766,0.134283091,0.766648144
26662,0.057146033,0.12395327,0.818900696
26663,0.089485423,0.220731827,0.689782749
26664,0.065346868,0.126214023,0.808439109
26665,0.193281532,0.224167419,0.582551049
26666,0.052697386,0.446937058,0.500365556
26667,0.06232217,0.098356955,0.839320875
26668,0.198036954,0.338646938,0.463316107
26669,0.103837665,0.271118005,0.62504433
26670,0.150419016,0.261239358,0.588341626
26671,0.096157979,0.109538716,0.794303305
26672,0.077754172,0.122128712,0.800117116
26673,0.141411754,0.272817548,0.585770699
26674,0.28323025,0.082332871,0.634436879
26675,0.131626244,0.231599929,0.636773827
26676,0.089607952,0.142269878,0.76812217
26677,0.040667472,0.129778106,0.829554422
26678,0.13519549,0.268356287,0.596448223
26679,0.154897683,0.125105361,0.719996955
26680,0.049061898,0.114834484,0.836103619
26681,0.049725089,0.069820677,0.880454234
26682,0.077772052,0.147828123,0.774399826
26683,0.06844013,0.327368445,0.604191425
26684,0.032101808,0.176112196,0.791785996
26685,0.131204182,0.104963194,0.763832624
26686,0.123472448,0.170029874,0.706497679
26687,0.188587529,0.149849685,0.661562787
26688,0.130794919,0.479659719,0.389545362
26689,0.049968975,0.168627395,0.781403631
26690,0.053787305,0.158685304,0.78752739
26691,0.054223008,0.145605651,0.800171341
26692,0.06760836,0.266841202,0.665550438
26693,0.251520042,0.166529559,0.581950399
26694,0.498893008,0.499491811,0.001615181
26695,0.103154856,0.120953783,0.775891361
26696,0.071120982,0.134332031,0.794546986
26697,0.030559725,0.051506128,0.917934147
26698,0.099095156,0.052583731,0.848321113
26699,0.051346996,0.291728827,0.656924177
26700,0.087558384,0.232903071,0.679538545
26701,0.116013116,0.404109803,0.479877081
26702,0.094227357,0.388448403,0.51732424
26703,0.065222033,0.16498677,0.769791197
26704,0.055529024,0.152059297,0.792411678
26705,0.088041449,0.110938005,0.801020546
26706,0.029298124,0.108255723,0.862446153
26707,0.452700867,0.086182841,0.461116292
26708,0.06675511,0.207134455,0.726110436
26709,0.127428605,0.083183622,0.789387773
26710,0.164688674,0.200033952,0.635277374
26711,0.152782651,0.15582348,0.69139387
26712,0.047105086,0.191371696,0.761523218
26713,0.110441467,0.267196368,0.622362165
26714,0.098384798,0.170131499,0.731483703
26715,0.089985354,0.271396,0.638618646
26716,0.103332213,0.552768431,0.343899356
26717,0.080789636,0.211347849,0.707862515
26718,0.072628806,0.143503363,0.783867831
26719,0.072770956,0.179211019,0.748018024
26720,0.083076649,0.218501858,0.698421492
26721,0.051007696,0.178292508,0.770699796
26722,0.111480281,0.138292056,0.750227663
26723,0.107561474,0.09195428,0.800484245
26724,0.165525381,0.2442156,0.590259018
26725,0.030090918,0.299340662,0.670568419
26726,0.120594702,0.503188758,0.37621654
26727,0.054781495,0.09182026,0.853398245
26728,0.089694633,0.255215827,0.655089541
26729,0.101427971,0.14956811,0.749003919
26730,0.062134062,0.263546859,0.674319079
26731,0.039869032,0.150253112,0.809877856
26732,0.141733126,0.857598413,0.000668461
26733,0.099545771,0.077030121,0.823424108
26734,0.056379007,0.082333201,0.861287792
26735,0.079669781,0.20356494,0.716765279
26736,0.09028704,0.21788367,0.69182929
26737,0.146654921,0.210362546,0.642982533
26738,0.043687989,0.109272386,0.847039625
26739,0.253339502,0.08250884,0.664151658
26740,0.071592161,0.149667987,0.778739852
26741,0.148075923,0.850444079,0.001479999
26742,0.07369728,0.095409131,0.830893588
26743,0.107199924,0.135007353,0.757792723
26744,0.141974419,0.223858174,0.634167408
26745,0.052200646,0.168078482,0.779720872
26746,0.08251365,0.183093686,0.734392664
26747,0.104175174,0.508099226,0.3877256
26748,0.24326083,0.295260343,0.461478827
26749,0.046189727,0.189534572,0.764275701
26750,0.134763006,0.088110543,0.77712645
26751,0.046032565,0.191161728,0.762805707
26752,0.078341041,0.419797177,0.501861782
26753,0.178872216,0.143073318,0.678054466
26754,0.104240582,0.08906241,0.806697008
26755,0.053793318,0.099203093,0.84700359
26756,0.081300082,0.082026574,0.836673344
26757,0.113759848,0.118847312,0.76739284
26758,0.079112331,0.253735283,0.667152386
26759,0.049894745,0.277658695,0.672446561
26760,0.104691783,0.381671962,0.513636255
26761,0.070703379,0.126523155,0.802773466
26762,0.073750771,0.161048606,0.765200623
26763,0.040517628,0.303634962,0.65584741
26764,0.101503991,0.340005366,0.558490643
26765,0.096073965,0.151494215,0.75243182
26766,0.046300362,0.452996285,0.500703353
26767,0.104521694,0.164308867,0.731169438
26768,0.086344995,0.912699472,0.000955533
26769,0.143316903,0.325673806,0.531009291
26770,0.199397258,0.315610018,0.484992724
26771,0.181848036,0.816853571,0.001298393
26772,0.485946322,0.06203929,0.452014388
26773,0.051817476,0.192540199,0.755642324
26774,0.035514803,0.137236322,0.827248876
26775,0.060810273,0.276113006,0.66307672
26776,0.059423531,0.092867037,0.847709433
26777,0.097588561,0.051958925,0.850452513
26778,0.042364767,0.090060282,0.867574951
26779,0.08123784,0.089084585,0.829677575
26780,0.06356145,0.200277359,0.736161191
26781,0.050515202,0.147101807,0.802382992
26782,0.091481916,0.10345784,0.805060244
26783,0.235704371,0.175334796,0.588960833
26784,0.096761382,0.414310853,0.488927765
26785,0.081019926,0.213103483,0.705876591
26786,0.159298993,0.137810097,0.70289091
26787,0.060113973,0.117900614,0.821985413
26788,0.168115861,0.218205745,0.613678394
26789,0.172727773,0.239663146,0.587609081
26790,0.07913693,0.255644601,0.66521847
26791,0.073977736,0.09885849,0.827163774
26792,0.083447369,0.121258528,0.795294104
26793,0.053540343,0.145872389,0.800587267
26794,0.058191413,0.142060949,0.799747638
26795,0.139978703,0.290293616,0.569727682
26796,0.086796608,0.912720997,0.000482394
26797,0.088997154,0.331820716,0.579182131
26798,0.141182694,0.399076153,0.459741153
26799,0.115044913,0.176400142,0.708554945
26800,0.081685826,0.910362067,0.007952107
26801,0.130605103,0.277663339,0.591731558
26802,0.123469414,0.199480253,0.677050332
26803,0.046775824,0.157694029,0.795530147
26804,0.035507783,0.179390936,0.785101281
26805,0.026294187,0.135756617,0.837949196
26806,0.055667176,0.147599609,0.796733216
26807,0.101814249,0.128078585,0.770107166
26808,0.03344234,0.265430123,0.701127537
26809,0.108424202,0.238783356,0.652792442
26810,0.069497826,0.186835301,0.743666873
26811,0.055387422,0.100408267,0.844204311
26812,0.061935116,0.069448792,0.868616092
26813,0.069860741,0.513645651,0.416493608
26814,0.130064046,0.127650916,0.742285037
26815,0.051603106,0.202742348,0.745654546
26816,0.061400028,0.372543695,0.566056277
26817,0.135499273,0.052176297,0.81232443
26818,0.155453268,0.140188813,0.704357919
26819,0.107391629,0.319666214,0.572942157
26820,0.135018499,0.863692016,0.001289484
26821,0.121153946,0.871111748,0.007734306
26822,0.098132936,0.150025314,0.75184175
26823,0.063429363,0.136024969,0.800545668
26824,0.109597657,0.232126622,0.658275721
26825,0.062481866,0.191790607,0.745727527
26826,0.063558913,0.07313908,0.863302007
26827,0.072406329,0.154926672,0.772666999
26828,0.053459645,0.159323428,0.787216927
26829,0.026111079,0.076268371,0.89762055
26830,0.101406062,0.221663129,0.676930809
26831,0.12865401,0.076130408,0.795215583
26832,0.021425607,0.053672315,0.924902078
26833,0.076505814,0.119066754,0.804427432
26834,0.042054664,0.162906376,0.79503896
26835,0.311602683,0.106614776,0.581782541
26836,0.188081704,0.494595746,0.31732255
26837,0.094404402,0.049090524,0.856505074
26838,0.147186238,0.420542517,0.432271245
26839,0.619980094,0.083127448,0.296892458
26840,0.122565719,0.254169588,0.623264693
26841,0.043563235,0.095657162,0.860779603
26842,0.024280834,0.120551044,0.855168122
26843,0.086107239,0.100852103,0.813040657
26844,0.148428362,0.374777826,0.476793812
26845,0.482342922,0.069219709,0.448437369
26846,0.052676819,0.092098528,0.855224653
26847,0.05752519,0.209558783,0.732916027
26848,0.139062454,0.083879057,0.77705849
26849,0.20784204,0.139144705,0.653013255
26850,0.155960069,0.303228798,0.540811132
26851,0.068498269,0.210093468,0.721408263
26852,0.104658416,0.49162765,0.403713934
26853,0.090707694,0.139707958,0.769584348
26854,0.093817232,0.905721325,0.000461443
26855,0.103925423,0.415207265,0.480867312
26856,0.102745853,0.163997319,0.733256828
26857,0.084589845,0.16711553,0.748294624
26858,0.05808534,0.600070157,0.341844504
26859,0.139917612,0.322951754,0.537130634
26860,0.064572285,0.396566714,0.538861001
26861,0.066017258,0.249686272,0.68429647
26862,0.099486151,0.187305112,0.713208737
26863,0.055900356,0.269555258,0.674544386
26864,0.101738018,0.359252932,0.539009051
26865,0.016895171,0.040650361,0.942454468
26866,0.050691652,0.158335818,0.790972531
26867,0.081902342,0.125337575,0.792760084
26868,0.027141022,0.074018129,0.898840849
26869,0.043266112,0.029947028,0.92678686
26870,0.079965404,0.340721717,0.579312879
26871,0.129928219,0.135531705,0.734540077
26872,0.229270247,0.153269223,0.61746053
26873,0.094525634,0.204616603,0.700857764
26874,0.077336497,0.409771533,0.51289197
26875,0.058971509,0.177052496,0.763975995
26876,0.035554452,0.093344912,0.871100636
26877,0.081944811,0.088160275,0.829894913
26878,0.117416079,0.200201811,0.68238211
26879,0.074837805,0.208331734,0.716830462
26880,0.203652929,0.110784393,0.685562678
26881,0.03562518,0.282476363,0.681898456
26882,0.358281673,0.072673569,0.569044758
26883,0.018380317,0.059955156,0.921664526
26884,0.11440537,0.326602256,0.558992373
26885,0.154967165,0.122031146,0.723001688
26886,0.084954921,0.121655639,0.79338944
26887,0.057119636,0.138084043,0.804796321
26888,0.157904208,0.202046075,0.640049718
26889,0.099835625,0.115270263,0.784894112
26890,0.161892944,0.258272042,0.579835014
26891,0.101040788,0.292439037,0.606520175
26892,0.138382777,0.233376571,0.628240652
26893,0.058406509,0.13212637,0.80946712
26894,0.096631485,0.146074131,0.757294384
26895,0.168475093,0.29513186,0.536393047
26896,0.069092196,0.16384593,0.767061873
26897,0.100577474,0.165576102,0.733846424
26898,0.05996663,0.172363682,0.767669689
26899,0.045769051,0.174628807,0.779602142
26900,0.090356068,0.166595922,0.74304801
26901,0.045586033,0.255052099,0.699361867
26902,0.086275645,0.035023825,0.87870053
26903,0.068269908,0.197450121,0.734279971
26904,0.341739826,0.623987804,0.03427237
26905,0.046205685,0.267746946,0.686047369
26906,0.075683031,0.224432704,0.699884265
26907,0.150316872,0.061459845,0.788223283
26908,0.061082939,0.218613822,0.720303238
26909,0.089088733,0.409674869,0.501236398
26910,0.113891036,0.25091538,0.635193584
26911,0.174629297,0.198575218,0.626795484
26912,0.069448968,0.135770783,0.794780249
26913,0.344931162,0.130347558,0.52472128
26914,0.102783616,0.187279382,0.709937002
26915,0.075689331,0.070871048,0.853439621
26916,0.146876638,0.852578656,0.000544706
26917,0.091863211,0.160641075,0.747495714
26918,0.149971808,0.115863461,0.734164732
26919,0.533755549,0.132536161,0.333708291
26920,0.071711457,0.259740238,0.668548305
26921,0.060998588,0.512602011,0.426399401
26922,0.124229165,0.552895206,0.322875629
26923,0.042692423,0.088489868,0.868817709
26924,0.061269265,0.101490025,0.83724071
26925,0.052589676,0.046016865,0.901393459
26926,0.139251723,0.356724556,0.504023721
26927,0.176093476,0.408788656,0.415117868
26928,0.052627706,0.944410173,0.002962121
26929,0.107606044,0.201854922,0.690539034
26930,0.06685758,0.457818877,0.475323543
26931,0.200509817,0.798566979,0.000923204
26932,0.065572083,0.332047245,0.602380673
26933,0.575250375,0.063781719,0.360967906
26934,0.09307289,0.185532212,0.721394898
26935,0.081735789,0.145682143,0.772582068
26936,0.049657294,0.068999378,0.881343329
26937,0.10111606,0.256821843,0.642062097
26938,0.294877733,0.700063257,0.005059009
26939,0.289905553,0.698622691,0.011471757
26940,0.188372583,0.181410318,0.630217099
26941,0.084377838,0.156781313,0.75884085
26942,0.077168967,0.229704781,0.693126252
26943,0.049735938,0.337761742,0.61250232
26944,0.072385713,0.087067115,0.840547172
26945,0.050018786,0.515247553,0.434733661
26946,0.079133578,0.084219603,0.836646819
26947,0.065835166,0.213804623,0.720360211
26948,0.113444959,0.244091389,0.642463653
26949,0.298695136,0.128599269,0.572705594
26950,0.147164598,0.111023366,0.741812035
26951,0.404648116,0.257317512,0.338034372
26952,0.215504407,0.188545497,0.595950097
26953,0.049545245,0.020895777,0.929558978
26954,0.036113819,0.151331702,0.812554478
26955,0.088170926,0.391951862,0.519877212
26956,0.140118647,0.195053832,0.664827522
26957,0.273960233,0.26760652,0.458433247
26958,0.171093192,0.213823948,0.615082861
26959,0.058676368,0.249742668,0.691580964
26960,0.091755916,0.169589486,0.738654598
26961,0.061303288,0.126726248,0.811970464
26962,0.030638417,0.459957417,0.509404166
26963,0.251520042,0.166529559,0.581950399
26964,0.143276493,0.201528475,0.655195031
26965,0.048286358,0.316658909,0.635054733
26966,0.069092196,0.16384593,0.767061873
26967,0.040355971,0.102976734,0.856667295
26968,0.06143353,0.162047304,0.776519166
26969,0.045349738,0.169032247,0.785618015
26970,0.311668977,0.129684168,0.558646855
26971,0.067895458,0.256646783,0.675457759
26972,0.121652536,0.262865657,0.615481807
26973,0.036091036,0.059118598,0.904790367
26974,0.096673946,0.070517628,0.832808425
26975,0.109734066,0.101493163,0.788772771
26976,0.082228125,0.914592911,0.003178964
26977,0.094598087,0.159290812,0.746111101
26978,0.069166698,0.093212095,0.837621207
26979,0.084672826,0.364009889,0.551317284
26980,0.126840828,0.144197503,0.72896167
26981,0.084460214,0.157818069,0.757721716
26982,0.060944579,0.15262118,0.786434241
26983,0.078913674,0.21230047,0.708785856
26984,0.041478501,0.059215718,0.899305781
26985,0.07045337,0.264103465,0.665443165
26986,0.06547877,0.058262168,0.876259062
26987,0.123341507,0.411090201,0.465568292
26988,0.077463528,0.444081874,0.478454598
26989,0.089894927,0.229531861,0.680573212
26990,0.074010396,0.112401153,0.81358845
26991,0.066798343,0.15478294,0.778418717
26992,0.069890251,0.379366875,0.550742875
26993,0.069093771,0.144887869,0.78601836
26994,0.1467916,0.119915412,0.733292988
26995,0.081192375,0.16617207,0.752635555
26996,0.040466338,0.124392336,0.835141326
26997,0.183297484,0.194842518,0.621859998
26998,0.139374583,0.102163793,0.758461624
26999,0.287786494,0.111592942,0.600620564
27000,0.079637195,0.40150984,0.518852965
27001,0.105579415,0.350440816,0.543979769
27002,0.095129687,0.313109233,0.59176108
27003,0.18561227,0.199923382,0.614464348
27004,0.089322113,0.199350128,0.711327759
27005,0.046550359,0.376673411,0.57677623
27006,0.075164942,0.069116714,0.855718344
27007,0.093705679,0.516223431,0.390070891
27008,0.153385439,0.347858855,0.498755705
27009,0.103978313,0.146784621,0.749237066
27010,0.018286024,0.147808773,0.833905203
27011,0.135271776,0.346194975,0.51853325
27012,0.074854104,0.053287757,0.871858138
27013,0.119714626,0.152163198,0.728122176
27014,0.080785347,0.443080978,0.476133674
27015,0.150924177,0.280876016,0.568199807
27016,0.067320281,0.116819901,0.815859819
27017,0.042256191,0.124692463,0.833051346
27018,0.058900463,0.116809844,0.824289693
27019,0.10763572,0.159260065,0.733104215
27020,0.03960442,0.455245841,0.505149739
27021,0.049629511,0.239079918,0.711290571
27022,0.041525079,0.071772082,0.886702839
27023,0.227056985,0.292137037,0.480805977
27024,0.04378834,0.253119832,0.703091828
27025,0.138546675,0.14688954,0.714563785
27026,0.073830223,0.15298296,0.773186817
27027,0.09006234,0.072668779,0.837268881
27028,0.124833799,0.160073014,0.715093187
27029,0.089432829,0.200003588,0.710563583
27030,0.123982322,0.462373661,0.413644017
27031,0.552603225,0.120827394,0.326569381
27032,0.202297774,0.179166498,0.618535728
27033,0.104716671,0.080805,0.814478329
27034,0.137903601,0.128340434,0.733755965
27035,0.453425589,0.095689801,0.45088461
27036,0.091392262,0.089575294,0.819032443
27037,0.20818075,0.126582306,0.665236944
27038,0.072118798,0.208002416,0.719878786
27039,0.242321377,0.287021935,0.470656688
27040,0.087393874,0.142387666,0.770218459
27041,0.025893873,0.127558813,0.846547314
27042,0.254004044,0.745308109,0.000687847
27043,0.093627263,0.19314318,0.713229557
27044,0.096727896,0.175364095,0.72790801
27045,0.065266114,0.249775687,0.684958199
27046,0.030205145,0.111149529,0.858645326
27047,0.072070236,0.483086733,0.444843031
27048,0.301590643,0.697842426,0.000566931
27049,0.10636219,0.392074526,0.501563283
27050,0.084645533,0.241849722,0.673504744
27051,0.073008588,0.244634191,0.682357222
27052,0.042667405,0.138611732,0.818720863
27053,0.047638025,0.430958468,0.521403507
27054,0.226318539,0.096335027,0.677346434
27055,0.183802966,0.815401221,0.000795813
27056,0.193498663,0.805747737,0.0007536
27057,0.043585024,0.17823387,0.778181106
27058,0.079631464,0.179866949,0.740501587
27059,0.061072027,0.107534832,0.831393141
27060,0.093004072,0.285119469,0.621876459
27061,0.36982742,0.159571475,0.470601105
27062,0.091250921,0.111957595,0.796791484
27063,0.075543222,0.135486664,0.788970113
27064,0.030213001,0.037069837,0.932717161
27065,0.106586256,0.269488963,0.623924781
27066,0.060598446,0.035910216,0.903491338
27067,0.086690391,0.262202019,0.651107589
27068,0.490579103,0.073590503,0.435830393
27069,0.034329141,0.110138374,0.855532484
27070,0.061155962,0.124864694,0.813979344
27071,0.054515833,0.067829082,0.877655084
27072,0.038845295,0.26088143,0.700273276
27073,0.061408488,0.201111522,0.73747999
27074,0.158690178,0.244814599,0.596495223
27075,0.139442227,0.134944524,0.725613249
27076,0.180648672,0.137306504,0.682044824
27077,0.062464888,0.076695527,0.860839585
27078,0.058621812,0.113750226,0.827627962
27079,0.087138292,0.11842927,0.794432438
27080,0.078920058,0.595941175,0.325138768
27081,0.131342064,0.09877326,0.769884676
27082,0.099026745,0.146571876,0.754401379
27083,0.050907426,0.121929585,0.827162989
27084,0.082548272,0.289521925,0.627929803
27085,0.143721582,0.102761636,0.753516782
27086,0.124347218,0.220538586,0.655114196
27087,0.068015979,0.114335299,0.817648722
27088,0.035843073,0.157453491,0.806703436
27089,0.078873334,0.101953109,0.819173556
27090,0.074373895,0.130536975,0.79508913
27091,0.143879173,0.333580324,0.522540503
27092,0.21560911,0.780013314,0.004377576
27093,0.11454904,0.389015172,0.496435788
27094,0.167029742,0.141165271,0.691804987
27095,0.03155552,0.082511199,0.885933281
27096,0.151719759,0.490539513,0.357740728
27097,0.122514443,0.439607153,0.437878404
27098,0.137921602,0.324203511,0.537874886
27099,0.067470287,0.121802964,0.81072675
27100,0.042837354,0.084907057,0.872255589
27101,0.104543021,0.331532212,0.563924767
27102,0.068747891,0.219112487,0.712139622
27103,0.066569841,0.149578718,0.783851441
27104,0.230144787,0.099589362,0.670265851
27105,0.082959365,0.079407771,0.837632864
27106,0.040537476,0.127833209,0.831629314
27107,0.07628704,0.099333587,0.824379373
27108,0.135427407,0.173302117,0.691270476
27109,0.142254897,0.24567966,0.612065443
27110,0.149532744,0.166033689,0.684433567
27111,0.094541996,0.159447961,0.746010043
27112,0.674534443,0.040668527,0.28479703
27113,0.047893388,0.203540034,0.748566579
27114,0.102749287,0.097269443,0.79998127
27115,0.171455956,0.401241355,0.427302689
27116,0.135348151,0.160674837,0.703977012
27117,0.08300322,0.492210285,0.424786495
27118,0.039707091,0.098430059,0.861862851
27119,0.064273949,0.652110335,0.283615716
27120,0.290866707,0.708282033,0.00085126
27121,0.077828914,0.921314377,0.000856709
27122,0.074032755,0.174228958,0.751738286
27123,0.075691107,0.115351699,0.808957194
27124,0.218662639,0.1802811,0.601056261
27125,0.091364714,0.219772317,0.688862969
27126,0.054956403,0.174344554,0.770699043
27127,0.064810321,0.279553035,0.655636644
27128,0.089222861,0.198475705,0.712301434
27129,0.328762917,0.139572084,0.531664998
27130,0.122580614,0.167659171,0.709760215
27131,0.310973128,0.1129042,0.576122672
27132,0.133901203,0.141126487,0.72497231
27133,0.030240031,0.31792094,0.651839028
27134,0.069475901,0.251732996,0.678791103
27135,0.060467014,0.939027385,0.000505602
27136,0.116910968,0.191736066,0.691352965
27137,0.105069645,0.143276966,0.751653389
27138,0.210526212,0.31995588,0.469517908
27139,0.089245741,0.114467711,0.796286549
27140,0.296268272,0.13190847,0.571823258
27141,0.043626643,0.159119758,0.797253599
27142,0.324241133,0.172826694,0.502932174
27143,0.079609327,0.07543898,0.844951693
27144,0.102944315,0.080370996,0.816684689
27145,0.361900263,0.155185354,0.482914383
27146,0.077047571,0.131018794,0.791933634
27147,0.112862867,0.305094681,0.582042452
27148,0.018123613,0.136005804,0.845870583
27149,0.165497253,0.257664124,0.576838623
27150,0.038719094,0.141954923,0.819325982
27151,0.077423386,0.107349618,0.815226997
27152,0.29067793,0.059600408,0.649721663
27153,0.075980672,0.170311645,0.753707683
27154,0.05466971,0.172706979,0.772623311
27155,0.153709263,0.137889661,0.708401076
27156,0.141750049,0.082466164,0.775783788
27157,0.10525238,0.221913268,0.672834352
27158,0.028896436,0.050526444,0.92057712
27159,0.035988777,0.07287906,0.891132163
27160,0.056525636,0.178716198,0.764758166
27161,0.152937488,0.185534708,0.661527805
27162,0.173222504,0.306861786,0.519915711
27163,0.073508314,0.091602171,0.834889515
27164,0.063394732,0.256162454,0.680442814
27165,0.076869468,0.116424445,0.806706087
27166,0.060121887,0.147280617,0.792597497
27167,0.071448069,0.163426757,0.765125174
27168,0.101685126,0.232502043,0.665812831
27169,0.055416375,0.073055496,0.871528129
27170,0.264325145,0.148258588,0.587416267
27171,0.241542843,0.19188209,0.566575067
27172,0.088616714,0.199656613,0.711726673
27173,0.071724634,0.173103076,0.75517229
27174,0.077349638,0.325450364,0.597199997
27175,0.371877467,0.081665311,0.546457222
27176,0.046683796,0.184981917,0.768334286
27177,0.121689514,0.156246695,0.722063792
27178,0.099961478,0.213595783,0.686442739
27179,0.064196837,0.132676544,0.80312662
27180,0.058759392,0.127855338,0.81338527
27181,0.199651643,0.112640522,0.687707836
27182,0.085066921,0.059353258,0.855579822
27183,0.064497767,0.144011363,0.79149087
27184,0.116584098,0.089674351,0.793741551
27185,0.039903729,0.139401944,0.820694326
27186,0.143365421,0.21754654,0.63908804
27187,0.116246678,0.14740596,0.736347363
27188,0.042209908,0.135443441,0.82234665
27189,0.031588027,0.046693416,0.921718557
27190,0.118808389,0.088662811,0.7925288
27191,0.378351445,0.620589347,0.001059209
27192,0.096425064,0.260832352,0.642742584
27193,0.032874152,0.093388349,0.873737498
27194,0.249841312,0.140355197,0.609803491
27195,0.062558424,0.123249866,0.81419171
27196,0.048901034,0.0898452,0.861253765
27197,0.088588301,0.175621283,0.735790416
27198,0.028674753,0.047051073,0.924274173
27199,0.057246421,0.087796598,0.854956982
27200,0.038876217,0.457809747,0.503314036
27201,0.139098233,0.10540355,0.755498217
27202,0.064166881,0.213585122,0.722247997
27203,0.083905047,0.123868963,0.79222599
27204,0.439053579,0.127482768,0.433463653
27205,0.1314335,0.115205442,0.753361057
27206,0.037086531,0.129721209,0.83319226
27207,0.111570963,0.176451216,0.711977821
27208,0.080297431,0.167834685,0.751867884
27209,0.205872996,0.079248545,0.714878458
27210,0.109743311,0.173517635,0.716739054
27211,0.068588315,0.135628273,0.795783412
27212,0.031685184,0.07593989,0.892374925
27213,0.094294405,0.114928085,0.79077751
27214,0.083163933,0.163622042,0.753214025
27215,0.104256737,0.109766686,0.785976577
27216,0.040185286,0.066194788,0.893619927
27217,0.557853296,0.125643422,0.316503281
27218,0.148427003,0.316136302,0.535436695
27219,0.155901461,0.263186495,0.580912044
27220,0.066660535,0.200203122,0.733136343
27221,0.460990097,0.141759023,0.39725088
27222,0.419760892,0.578844143,0.001394965
27223,0.064236569,0.195573254,0.740190177
27224,0.08882174,0.256977841,0.654200419
27225,0.024774138,0.056296818,0.918929044
27226,0.486967783,0.490452148,0.022580069
27227,0.210453972,0.788388481,0.001157548
27228,0.037683912,0.2937055,0.668610588
27229,0.110909439,0.157771442,0.731319119
27230,0.095434622,0.145836928,0.75872845
27231,0.043282279,0.107905142,0.848812579
27232,0.04279731,0.298538428,0.658664262
27233,0.150944369,0.356655773,0.492399858
27234,0.023161713,0.073873316,0.902964972
27235,0.036335086,0.189323832,0.774341083
27236,0.153709395,0.238120376,0.608170229
27237,0.192257662,0.439164382,0.368577956
27238,0.035521809,0.341415188,0.623063004
27239,0.056814779,0.267775022,0.675410199
27240,0.167823969,0.830497876,0.001678155
27241,0.174483781,0.333646444,0.491869774
27242,0.088920661,0.034158682,0.876920657
27243,0.267235414,0.132266108,0.600498478
27244,0.056373661,0.05016506,0.893461279
27245,0.169787491,0.090997295,0.739215214
27246,0.070861158,0.128665286,0.800473555
27247,0.202156509,0.132306407,0.665537085
27248,0.103464463,0.375324406,0.521211131
27249,0.041872222,0.088691464,0.869436314
27250,0.033156972,0.16611445,0.800728579
27251,0.028451319,0.142994264,0.828554417
27252,0.198444105,0.129044242,0.672511652
27253,0.196663257,0.203696441,0.599640303
27254,0.068573566,0.169042209,0.762384225
27255,0.052530839,0.083956268,0.863512893
27256,0.094169513,0.269323615,0.636506871
27257,0.361505326,0.090957641,0.547537033
27258,0.047031104,0.089596519,0.863372377
27259,0.066990088,0.329655968,0.603353945
27260,0.10243308,0.136466853,0.761100067
27261,0.117827304,0.207114881,0.675057815
27262,0.132028472,0.37713369,0.490837838
27263,0.125487162,0.376887112,0.497625726
27264,0.077590355,0.234565056,0.687844588
27265,0.071001182,0.106017861,0.822980957
27266,0.075603896,0.146923816,0.777472287
27267,0.115810273,0.320996514,0.563193213
27268,0.118923359,0.127087746,0.753988895
27269,0.086717668,0.152046316,0.761236017
27270,0.052625857,0.177211757,0.770162386
27271,0.090088491,0.349862007,0.560049502
27272,0.067729118,0.081254782,0.851016099
27273,0.057335256,0.258672465,0.683992279
27274,0.053067865,0.052804392,0.894127743
27275,0.03541862,0.067172765,0.897408615
27276,0.085538889,0.12741956,0.78704155
27277,0.077157018,0.096869185,0.825973797
27278,0.052303305,0.198936449,0.748760247
27279,0.214446035,0.120745837,0.664808129
27280,0.070410707,0.188463048,0.741126246
27281,0.412247807,0.143963788,0.443788405
27282,0.07802105,0.342137966,0.579840984
27283,0.151546703,0.845786449,0.002666847
27284,0.066240124,0.929504922,0.004254955
27285,0.149942292,0.242871117,0.607186591
27286,0.051973542,0.284468844,0.663557614
27287,0.123358796,0.195202845,0.681438358
27288,0.099852371,0.114768507,0.785379123
27289,0.068582262,0.197281477,0.734136261
27290,0.058131196,0.320175231,0.621693573
27291,0.162266639,0.087791309,0.749942052
27292,0.054491724,0.663339693,0.282168583
27293,0.08004425,0.079905371,0.840050379
27294,0.086766074,0.156893328,0.756340598
27295,0.030542523,0.117846899,0.851610578
27296,0.110849258,0.345044804,0.544105938
27297,0.177052366,0.215921832,0.607025802
27298,0.050666539,0.308753552,0.640579909
27299,0.072425862,0.194777224,0.732796914
27300,0.122872726,0.160534986,0.716592289
27301,0.077243803,0.201236474,0.721519724
27302,0.209102532,0.518531074,0.272366393
27303,0.208669675,0.074843143,0.716487182
27304,0.108919855,0.23400766,0.657072485
27305,0.058578005,0.183409664,0.758012331
27306,0.113253364,0.071951047,0.814795589
27307,0.069721893,0.145473995,0.784804112
27308,0.122184159,0.103951916,0.773863925
27309,0.04485721,0.093704156,0.861438633
27310,0.139458289,0.143373759,0.717167952
27311,0.035180499,0.140364538,0.824454964
27312,0.019195037,0.086682093,0.89412287
27313,0.136720083,0.189298963,0.673980954
27314,0.087780966,0.101920825,0.810298209
27315,0.069665956,0.161596526,0.768737518
27316,0.04652574,0.223226126,0.730248134
27317,0.239494639,0.759730821,0.00077454
27318,0.058772949,0.419117944,0.522109107
27319,0.077699022,0.126878375,0.795422603
27320,0.128669056,0.182054997,0.689275946
27321,0.200057925,0.11413412,0.685807954
27322,0.106421101,0.169924441,0.723654457
27323,0.056597295,0.149226121,0.794176584
27324,0.113750326,0.227917522,0.658332152
27325,0.074216503,0.20186432,0.723919178
27326,0.102761246,0.117625853,0.779612901
27327,0.186107204,0.800343987,0.013548809
27328,0.098005209,0.342076966,0.559917825
27329,0.041663929,0.057656614,0.900679456
27330,0.049353648,0.552647372,0.39799898
27331,0.208273962,0.093079027,0.698647012
27332,0.132924348,0.109554794,0.757520858
27333,0.17318309,0.192741105,0.634075804
27334,0.103523491,0.095619045,0.800857463
27335,0.076718435,0.143640444,0.779641121
27336,0.273039223,0.096752884,0.630207894
27337,0.318827541,0.071154315,0.610018144
27338,0.054254244,0.943673623,0.002072133
27339,0.228127282,0.136230171,0.635642547
27340,0.097949173,0.105418053,0.796632774
27341,0.071548483,0.146654561,0.781796956
27342,0.08032838,0.086073474,0.833598146
27343,0.031662423,0.039401665,0.928935911
27344,0.054486533,0.096174241,0.849339226
27345,0.270260052,0.137304273,0.592435675
27346,0.143259187,0.078911104,0.777829709
27347,0.138096054,0.152967907,0.708936039
27348,0.035390894,0.226514453,0.738094653
27349,0.107338601,0.165834993,0.726826406
27350,0.028183124,0.111772494,0.860044382
27351,0.063536568,0.100584981,0.835878451
27352,0.29485665,0.080452964,0.624690386
27353,0.135507261,0.218625433,0.645867306
27354,0.100945076,0.299325861,0.599729064
27355,0.067316697,0.166228569,0.766454733
27356,0.048661686,0.12096373,0.830374584
27357,0.104938613,0.146943778,0.748117609
27358,0.027540621,0.070882778,0.901576601
27359,0.060829595,0.220091675,0.719078729
27360,0.052892643,0.152402397,0.794704959
27361,0.066343311,0.933038807,0.000617882
27362,0.158597629,0.497131337,0.344271034
27363,0.04946853,0.122327298,0.828204171
27364,0.037997911,0.690817825,0.271184264
27365,0.301565469,0.062819576,0.635614955
27366,0.136715007,0.227344124,0.635940869
27367,0.090127315,0.150266142,0.759606543
27368,0.242447558,0.298725136,0.458827307
27369,0.12282227,0.873758001,0.00341973
27370,0.329309843,0.669181727,0.00150843
27371,0.582077386,0.040509812,0.377412802
27372,0.097704326,0.105727043,0.796568631
27373,0.254712417,0.368299724,0.376987858
27374,0.111734608,0.123787046,0.764478347
27375,0.076124041,0.168318089,0.755557869
27376,0.063555655,0.11798325,0.818461095
27377,0.091795703,0.475150247,0.43305405
27378,0.520586974,0.147612866,0.331800161
27379,0.053765702,0.125289152,0.820945145
27380,0.327385805,0.262590306,0.410023889
27381,0.061279312,0.372906941,0.565813747
27382,0.137062467,0.367200058,0.495737475
27383,0.034354363,0.108771677,0.85687396
27384,0.076745718,0.290003541,0.633250741
27385,0.404873429,0.13011522,0.465011351
27386,0.034204328,0.07424709,0.891548582
27387,0.071360121,0.248152518,0.680487362
27388,0.067370529,0.230250661,0.70237881
27389,0.127209006,0.117875269,0.754915725
27390,0.140192705,0.238307748,0.621499547
27391,0.159280062,0.198921112,0.641798826
27392,0.148730577,0.164197409,0.687072013
27393,0.043114974,0.162117157,0.794767869
27394,0.11454724,0.129420059,0.756032701
27395,0.020879446,0.061328615,0.917791939
27396,0.141298599,0.188733726,0.669967674
27397,0.031516309,0.864233037,0.104250654
27398,0.075837092,0.100150522,0.824012386
27399,0.045740997,0.577005272,0.377253731
27400,0.031888017,0.130698837,0.837413146
27401,0.24322871,0.104306854,0.652464435
27402,0.04079776,0.651971923,0.307230317
27403,0.093160123,0.167050408,0.739789469
27404,0.236174722,0.763106098,0.00071918
27405,0.219121707,0.158289784,0.622588508
27406,0.395366144,0.218977987,0.385655869
27407,0.102726898,0.174767973,0.722505129
27408,0.057359303,0.078349609,0.864291088
27409,0.271368107,0.409888643,0.31874325
27410,0.037513658,0.086603944,0.875882398
27411,0.113814556,0.078565206,0.807620238
27412,0.072070236,0.483086733,0.444843031
27413,0.078114777,0.085570393,0.83631483
27414,0.041574385,0.655342705,0.303082911
