index,0,1,2
26457,0.192738856,0.088011303,0.719249842
26458,0.234104418,0.128311101,0.637584481
26459,0.033746195,0.181766047,0.784487758
26460,0.113888449,0.158720614,0.727390937
26461,0.054073487,0.132661715,0.813264798
26462,0.034915985,0.121494976,0.843589039
26463,0.492796119,0.41860797,0.088595911
26464,0.088051352,0.135561481,0.776387168
26465,0.058465153,0.129179466,0.812355381
26466,0.062171706,0.213882687,0.723945607
26467,0.071871609,0.180646543,0.747481848
26468,0.046456212,0.060872384,0.892671403
26469,0.493964559,0.124307567,0.381727874
26470,0.068472065,0.19069801,0.740829925
26471,0.139342128,0.272616486,0.588041386
26472,0.104474517,0.174922024,0.720603459
26473,0.059758223,0.11451206,0.825729717
26474,0.268344164,0.705044507,0.026611329
26475,0.378714178,0.262365689,0.358920133
26476,0.055860646,0.464878226,0.479261128
26477,0.099182485,0.203153901,0.697663613
26478,0.122506305,0.104206318,0.773287377
26479,0.068524966,0.272664044,0.65881099
26480,0.059956995,0.115294625,0.82474838
26481,0.05944888,0.392850862,0.547700259
26482,0.197142573,0.11709942,0.685758007
26483,0.024513639,0.18736132,0.788125041
26484,0.104651919,0.21142791,0.683920171
26485,0.071709949,0.105621015,0.822669035
26486,0.095548209,0.201369162,0.703082629
26487,0.161405215,0.140992783,0.697602002
26488,0.165993939,0.714373332,0.11963273
26489,0.045730699,0.4060193,0.54825
26490,0.09626627,0.44042981,0.46330392
26491,0.103803104,0.129640353,0.766556543
26492,0.085353852,0.173872731,0.740773417
26493,0.166678441,0.708707267,0.124614291
26494,0.066670372,0.158171992,0.775157635
26495,0.046120956,0.100428334,0.85345071
26496,0.10140197,0.211372729,0.6872253
26497,0.063516172,0.579211389,0.35727244
26498,0.183931678,0.382827601,0.433240721
26499,0.045591833,0.165750335,0.788657832
26500,0.070947748,0.481166455,0.447885798
26501,0.129628903,0.127531489,0.742839607
26502,0.021766411,0.027217147,0.951016442
26503,0.099227545,0.227792858,0.672979598
26504,0.157878031,0.138553514,0.703568454
26505,0.082978368,0.090630532,0.8263911
26506,0.075560368,0.896577744,0.027861888
26507,0.101447195,0.715691109,0.182861697
26508,0.04114976,0.314683904,0.644166335
26509,0.119091272,0.165110527,0.715798201
26510,0.088442049,0.21532371,0.696234241
26511,0.078961664,0.062223256,0.85881508
26512,0.034397409,0.097926621,0.86767597
26513,0.15183544,0.184768041,0.66339652
26514,0.116951205,0.101426777,0.781622017
26515,0.152846818,0.112627835,0.734525346
26516,0.057448965,0.352213654,0.590337381
26517,0.241922506,0.671886258,0.086191236
26518,0.135129926,0.169378457,0.695491616
26519,0.489382235,0.143360788,0.367256977
26520,0.018165283,0.786933032,0.194901685
26521,0.145921854,0.098465729,0.755612417
26522,0.118929545,0.17050217,0.710568285
26523,0.096300915,0.200738572,0.702960513
26524,0.036059091,0.153650398,0.810290512
26525,0.184880547,0.221678236,0.593441217
26526,0.063120695,0.163893056,0.772986249
26527,0.092300195,0.233265156,0.674434649
26528,0.136904582,0.837288569,0.025806848
26529,0.099719675,0.152268169,0.748012156
26530,0.120557217,0.248895966,0.630546817
26531,0.057533621,0.189073697,0.753392682
26532,0.312436152,0.137058598,0.550505249
26533,0.060837805,0.125495638,0.813666557
26534,0.013362217,0.049229473,0.93740831
26535,0.10000285,0.091889327,0.808107822
26536,0.109794059,0.20753305,0.682672891
26537,0.15012478,0.079301913,0.770573307
26538,0.03621363,0.452792388,0.510993982
26539,0.056191496,0.142172802,0.801635702
26540,0.139553291,0.451690802,0.408755907
26541,0.048081838,0.122925458,0.828992704
26542,0.078414805,0.127596503,0.793988692
26543,0.214790117,0.047156899,0.738052984
26544,0.09581125,0.101463787,0.802724963
26545,0.157360298,0.155990187,0.686649515
26546,0.083432024,0.231096357,0.685471618
26547,0.039656864,0.086319864,0.874023272
26548,0.142675862,0.112598617,0.744725521
26549,0.061525385,0.900495395,0.037979221
26550,0.115383385,0.120261842,0.764354773
26551,0.022549465,0.312243387,0.665207148
26552,0.037635446,0.143658108,0.818706446
26553,0.034146811,0.110826439,0.85502675
26554,0.163455221,0.743623902,0.092920877
26555,0.341912467,0.189515536,0.468571997
26556,0.060304006,0.237822274,0.70187372
26557,0.077836397,0.085408187,0.836755416
26558,0.321842756,0.137823901,0.540333343
26559,0.130029968,0.122609908,0.747360123
26560,0.12604146,0.164613484,0.709345056
26561,0.04775614,0.110454829,0.841789031
26562,0.089738498,0.145948976,0.764312525
26563,0.123665278,0.143097536,0.733237186
26564,0.040888412,0.179176019,0.779935569
26565,0.092032209,0.295199649,0.612768141
26566,0.099466458,0.228970779,0.671562763
26567,0.046740234,0.117381541,0.835878225
26568,0.236736636,0.706188816,0.057074548
26569,0.027200841,0.174005358,0.798793802
26570,0.091801006,0.40469265,0.503506344
26571,0.117572758,0.090825762,0.79160148
26572,0.109732904,0.258356929,0.631910166
26573,0.080492158,0.084048687,0.835459155
26574,0.212588489,0.058087377,0.729324134
26575,0.178696186,0.140770081,0.680533733
26576,0.082263602,0.066067366,0.851669032
26577,0.05762515,0.099397143,0.842977707
26578,0.128500532,0.771329628,0.10016984
26579,0.199549141,0.74425349,0.056197369
26580,0.052042343,0.127888986,0.820068671
26581,0.071500215,0.185826054,0.742673731
26582,0.067927149,0.103065721,0.82900713
26583,0.045620016,0.125189322,0.829190663
26584,0.035024368,0.158509206,0.806466427
26585,0.09500945,0.383343609,0.521646941
26586,0.388997252,0.244949332,0.366053416
26587,0.144159556,0.831052055,0.024788389
26588,0.045675923,0.220500667,0.73382341
26589,0.086740966,0.118884029,0.794375005
26590,0.10507974,0.430622002,0.464298258
26591,0.143400465,0.587681684,0.268917851
26592,0.30119729,0.100499848,0.598302862
26593,0.113935686,0.233809711,0.652254603
26594,0.133472911,0.290104556,0.576422533
26595,0.05972435,0.200489509,0.739786141
26596,0.073892683,0.12281552,0.803291797
26597,0.184026711,0.771650838,0.044322451
26598,0.087667947,0.168159416,0.744172638
26599,0.11573401,0.120091651,0.764174339
26600,0.06097783,0.032282477,0.906739694
26601,0.080951017,0.221483566,0.697565417
26602,0.012241043,0.059927095,0.927831862
26603,0.072467262,0.077677295,0.849855443
26604,0.075718807,0.198906062,0.725375131
26605,0.089643882,0.158484994,0.751871124
26606,0.211261063,0.252234561,0.536504376
26607,0.110721977,0.839185516,0.050092507
26608,0.04049015,0.081755334,0.877754516
26609,0.115608605,0.160049125,0.72434227
26610,0.350502513,0.536375275,0.113122212
26611,0.152697745,0.169558416,0.677743839
26612,0.111320567,0.242317165,0.646362268
26613,0.098563426,0.335101824,0.56633475
26614,0.072199887,0.097333266,0.830466847
26615,0.085944079,0.100858743,0.813197178
26616,0.150273248,0.123938681,0.725788071
26617,0.114639775,0.15169973,0.733660496
26618,0.103387661,0.136352514,0.760259825
26619,0.173431412,0.219520315,0.607048272
26620,0.132481343,0.730972167,0.13654649
26621,0.090042484,0.064594955,0.845362561
26622,0.135964145,0.27761563,0.586420225
26623,0.043448597,0.373932481,0.582618922
26624,0.029352817,0.097041519,0.873605663
26625,0.226134072,0.175204237,0.598661691
26626,0.061210219,0.064782573,0.874007208
26627,0.079939129,0.119014589,0.801046282
26628,0.038554221,0.243151837,0.718293942
26629,0.052612694,0.170718129,0.776669177
26630,0.075176026,0.154764788,0.770059185
26631,0.017695545,0.133846636,0.848457819
26632,0.172107398,0.272994601,0.554898001
26633,0.04257298,0.081703543,0.875723477
26634,0.035297452,0.048492793,0.916209755
26635,0.076960532,0.220019033,0.703020434
26636,0.118931818,0.199032047,0.682036135
26637,0.015456245,0.040587908,0.943955847
26638,0.204105015,0.384151971,0.411743014
26639,0.126105472,0.263617674,0.610276854
26640,0.065414367,0.09206616,0.842519473
26641,0.129706099,0.489812758,0.380481143
26642,0.073122838,0.10074734,0.826129822
26643,0.076627093,0.16385538,0.759517527
26644,0.038759003,0.196683675,0.764557322
26645,0.095413902,0.088234766,0.816351332
26646,0.570370974,0.164354553,0.265274474
26647,0.056534735,0.105642057,0.837823209
26648,0.073085297,0.549893396,0.377021307
26649,0.079114659,0.120172058,0.800713283
26650,0.434983976,0.498010695,0.06700533
26651,0.057705389,0.89295197,0.049342641
26652,0.379373723,0.088045515,0.532580763
26653,0.217359806,0.085888802,0.696751392
26654,0.09072462,0.446789899,0.462485481
26655,0.043053378,0.299048505,0.657898118
26656,0.169128705,0.128441385,0.70242991
26657,0.156948265,0.21485939,0.628192344
26658,0.175643445,0.130343865,0.69401269
26659,0.299026793,0.159780126,0.541193081
26660,0.089458041,0.168603862,0.741938097
26661,0.107022073,0.15409621,0.738881717
26662,0.085929811,0.231856143,0.682214045
26663,0.089467296,0.238152417,0.672380288
26664,0.065727822,0.100970012,0.833302167
26665,0.158901582,0.181491831,0.659606587
26666,0.034479083,0.454436852,0.511084065
26667,0.034333778,0.116490965,0.849175257
26668,0.179707627,0.45695816,0.363334213
26669,0.120442316,0.391123664,0.48843402
26670,0.219315365,0.234907901,0.545776734
26671,0.093157069,0.129639136,0.777203795
26672,0.070961847,0.102255847,0.826782306
26673,0.151978006,0.257358862,0.590663132
26674,0.265778297,0.100849654,0.63337205
26675,0.15460871,0.349930758,0.495460531
26676,0.057598185,0.146063419,0.796338396
26677,0.055472524,0.173645183,0.770882293
26678,0.103516851,0.204810941,0.691672208
26679,0.103881145,0.162854826,0.733264029
26680,0.022541611,0.101425195,0.876033194
26681,0.126069386,0.09377969,0.780150924
26682,0.047714997,0.106997524,0.845287478
26683,0.054470268,0.340911834,0.604617897
26684,0.041362749,0.161507886,0.797129365
26685,0.114131702,0.104109676,0.781758622
26686,0.12391945,0.165065858,0.711014692
26687,0.22668305,0.131983601,0.641333348
26688,0.215679263,0.460381615,0.323939122
26689,0.084843988,0.151181166,0.763974845
26690,0.067050044,0.21415421,0.718795746
26691,0.075585679,0.204941247,0.719473074
26692,0.052270947,0.244410004,0.703319049
26693,0.417364745,0.126770382,0.455864873
26694,0.34856252,0.478522339,0.172915141
26695,0.052283942,0.113219377,0.834496681
26696,0.063515132,0.122024573,0.814460294
26697,0.079489037,0.100777933,0.819733031
26698,0.124415805,0.0462406,0.829343595
26699,0.048350425,0.290792414,0.66085716
26700,0.109772166,0.345356524,0.544871311
26701,0.138617767,0.620734154,0.240648079
26702,0.095329817,0.766013107,0.138657076
26703,0.070249761,0.171949913,0.757800326
26704,0.058424633,0.123748317,0.81782705
26705,0.046827605,0.084635931,0.868536463
26706,0.025055786,0.101504841,0.873439374
26707,0.399229729,0.072167759,0.528602512
26708,0.03544611,0.172184503,0.792369388
26709,0.081251213,0.08444353,0.834305257
26710,0.122758644,0.150968914,0.726272443
26711,0.144352069,0.306247217,0.549400714
26712,0.060032106,0.180379068,0.759588826
26713,0.13817347,0.292602083,0.569224447
26714,0.124343878,0.119579674,0.756076448
26715,0.09607394,0.15665494,0.747271119
26716,0.11687558,0.508371791,0.374752629
26717,0.062982599,0.168541843,0.768475559
26718,0.089536934,0.075932746,0.83453032
26719,0.067052832,0.195556019,0.737391148
26720,0.123730711,0.175720188,0.700549102
26721,0.033910197,0.156790133,0.80929967
26722,0.25865483,0.13488081,0.60646436
26723,0.087748765,0.150602361,0.761648874
26724,0.10579014,0.341205417,0.553004443
26725,0.029040621,0.257767744,0.713191635
26726,0.161000467,0.322097301,0.516902232
26727,0.054198474,0.104947536,0.84085399
26728,0.135160636,0.236925929,0.627913435
26729,0.105848328,0.129440566,0.764711105
26730,0.060221133,0.465303326,0.474475541
26731,0.020860603,0.115642278,0.863497119
26732,0.081923632,0.821495555,0.096580813
26733,0.228150538,0.063502363,0.708347099
26734,0.085726352,0.099539182,0.814734466
26735,0.091063862,0.160636401,0.748299736
26736,0.07842913,0.15371021,0.76786066
26737,0.161740134,0.188345971,0.649913896
26738,0.046979964,0.070957893,0.882062143
26739,0.208779286,0.100329869,0.690890845
26740,0.028271339,0.140577942,0.831150718
26741,0.165630346,0.720662823,0.113706831
26742,0.118343374,0.181128652,0.700527974
26743,0.079935569,0.147118873,0.772945558
26744,0.116327423,0.232831075,0.650841502
26745,0.051864556,0.158009536,0.790125908
26746,0.099896418,0.234448812,0.66565477
26747,0.116968797,0.606534488,0.276496715
26748,0.245340754,0.266841203,0.487818043
26749,0.070269954,0.21475495,0.714975097
26750,0.07221856,0.109104422,0.818677018
26751,0.053712395,0.19538533,0.750902275
26752,0.052999338,0.344226297,0.602774365
26753,0.099966964,0.13626119,0.763771845
26754,0.088054168,0.09661121,0.815334622
26755,0.073823167,0.090029137,0.836147696
26756,0.10351105,0.049797026,0.846691925
26757,0.161694287,0.151118272,0.68718744
26758,0.061102908,0.254895219,0.684001873
26759,0.055974876,0.361640537,0.582384586
26760,0.136304007,0.273486556,0.590209437
26761,0.094382191,0.141459512,0.764158298
26762,0.073087822,0.143456884,0.783455293
26763,0.12423873,0.160284752,0.715476519
26764,0.079130625,0.211715988,0.709153387
26765,0.08992002,0.145752624,0.764327356
26766,0.029239459,0.556651495,0.414109046
26767,0.100711682,0.182157176,0.717131142
26768,0.100637138,0.806113897,0.093248965
26769,0.10706264,0.29393445,0.59900291
26770,0.154936375,0.294588915,0.55047471
26771,0.247114043,0.606520112,0.146365845
26772,0.341010447,0.052290218,0.606699335
26773,0.06711335,0.24352493,0.68936172
26774,0.051297741,0.135237808,0.813464451
26775,0.059497944,0.272538876,0.66796318
26776,0.115245718,0.064560497,0.820193785
26777,0.060431831,0.027580311,0.911987857
26778,0.034934573,0.089069139,0.875996288
26779,0.092890347,0.103289994,0.80381966
26780,0.133746959,0.210337012,0.655916029
26781,0.017377773,0.127249742,0.855372485
26782,0.073328155,0.107461275,0.81921057
26783,0.197633117,0.168707274,0.633659609
26784,0.103458518,0.415966944,0.480574537
26785,0.157147357,0.245510899,0.597341744
26786,0.151536982,0.103944326,0.744518691
26787,0.050218727,0.073022307,0.876758966
26788,0.181390042,0.165858335,0.652751623
26789,0.200651273,0.296672483,0.502676244
26790,0.119583182,0.267338049,0.613078769
26791,0.097956431,0.12137241,0.780671159
26792,0.08616638,0.132233827,0.781599793
26793,0.041783133,0.133835095,0.824381772
26794,0.077112329,0.192272437,0.730615235
26795,0.052998546,0.200284099,0.746717355
26796,0.024143261,0.941246772,0.034609967
26797,0.123582034,0.340436604,0.535981362
26798,0.129810043,0.402542043,0.467647915
26799,0.118003868,0.191700195,0.690295936
26800,0.135501168,0.792073506,0.072425326
26801,0.12415155,0.326189587,0.549658863
26802,0.164763058,0.230406281,0.604830661
26803,0.059301688,0.201330733,0.739367579
26804,0.023450577,0.190344411,0.786205012
26805,0.009412414,0.093834987,0.896752599
26806,0.064437462,0.19434705,0.741215488
26807,0.124889448,0.163818872,0.71129168
26808,0.064810762,0.184360016,0.750829222
26809,0.108277021,0.169751748,0.721971231
26810,0.045625383,0.247287956,0.707086661
26811,0.042966484,0.087233576,0.869799939
26812,0.070109685,0.064726256,0.865164059
26813,0.082507845,0.650394353,0.267097802
26814,0.121183168,0.123187688,0.755629144
26815,0.063170506,0.145750252,0.791079242
26816,0.057399035,0.198747882,0.743853083
26817,0.085633839,0.123254082,0.791112078
26818,0.235599326,0.189397012,0.575003661
26819,0.113848543,0.189562442,0.696589016
26820,0.155789669,0.647173978,0.197036353
26821,0.125592597,0.736808767,0.137598636
26822,0.115957054,0.150122098,0.733920848
26823,0.067434427,0.155010069,0.777555503
26824,0.103382381,0.162934403,0.733683216
26825,0.082189227,0.142717501,0.775093272
26826,0.063518777,0.105283107,0.831198116
26827,0.064550451,0.281799741,0.653649808
26828,0.073118803,0.210110021,0.716771176
26829,0.025838188,0.050695931,0.92346588
26830,0.105141311,0.205650623,0.689208066
26831,0.192196418,0.063645403,0.744158178
26832,0.030030224,0.037998617,0.931971159
26833,0.08263745,0.119772442,0.797590108
26834,0.053708134,0.196166465,0.750125401
26835,0.257588957,0.187980128,0.554430916
26836,0.275502143,0.681374016,0.043123842
26837,0.188365969,0.056264194,0.755369837
26838,0.14512323,0.380891218,0.473985553
26839,0.50755933,0.107678738,0.384761932
26840,0.150317711,0.237363053,0.612319235
26841,0.039206125,0.098523155,0.86227072
26842,0.026194092,0.147193682,0.826612225
26843,0.073729626,0.084629603,0.841640771
26844,0.189090002,0.366405886,0.444504112
26845,0.544481138,0.03004603,0.425472832
26846,0.067312259,0.129940026,0.802747715
26847,0.090646446,0.197936311,0.711417243
26848,0.126799376,0.079652252,0.793548372
26849,0.153599247,0.246519308,0.599881444
26850,0.176732462,0.32305087,0.500216668
26851,0.070853415,0.09945951,0.829687075
26852,0.097096996,0.472417462,0.430485542
26853,0.133184461,0.135170766,0.731644773
26854,0.180953422,0.758214467,0.060832112
26855,0.045376725,0.245875115,0.70874816
26856,0.186067802,0.206376167,0.607556031
26857,0.131091684,0.150804493,0.718103824
26858,0.047777669,0.686461992,0.265760339
26859,0.123451443,0.296072226,0.580476331
26860,0.065197572,0.542847345,0.391955084
26861,0.101900431,0.176559437,0.721540131
26862,0.074573662,0.150666851,0.774759487
26863,0.043759366,0.139435487,0.816805147
26864,0.118339849,0.328601346,0.553058805
26865,0.008041974,0.053031212,0.938926815
26866,0.04149732,0.123542245,0.834960435
26867,0.102214606,0.200993575,0.696791818
26868,0.019880414,0.057916247,0.922203339
26869,0.041776001,0.015628177,0.942595822
26870,0.100831392,0.345899161,0.553269447
26871,0.143630755,0.126800597,0.729568648
26872,0.086061584,0.092654049,0.821284367
26873,0.09797649,0.226164015,0.675859495
26874,0.120459007,0.352066263,0.52747473
26875,0.049346398,0.220673659,0.729979944
26876,0.06153198,0.099873277,0.838594743
26877,0.102544329,0.102943248,0.794512423
26878,0.174209195,0.290275501,0.535515304
26879,0.078177444,0.214683423,0.707139133
26880,0.164524261,0.127181477,0.708294263
26881,0.03138026,0.330184398,0.638435343
26882,0.420599742,0.077562543,0.501837716
26883,0.00884235,0.059926243,0.931231407
26884,0.112005721,0.334290123,0.553704156
26885,0.077874453,0.096784004,0.825341543
26886,0.081599039,0.090966557,0.827434404
26887,0.023491353,0.138220253,0.838288393
26888,0.144042269,0.175378116,0.680579615
26889,0.068451677,0.128443875,0.803104448
26890,0.075909754,0.159784264,0.764305982
26891,0.217606002,0.353822485,0.428571514
26892,0.270982845,0.099835683,0.629181472
26893,0.073637205,0.193522459,0.732840336
26894,0.081191395,0.098719405,0.8200892
26895,0.20194595,0.272830251,0.525223798
26896,0.047608564,0.11351388,0.838877556
26897,0.124935343,0.162100259,0.712964397
26898,0.052177248,0.158364741,0.789458011
26899,0.096888996,0.132146714,0.77096429
26900,0.079251201,0.114354356,0.806394443
26901,0.054840924,0.192429097,0.752729979
26902,0.124559059,0.058682934,0.816758007
26903,0.070520275,0.15859353,0.770886196
26904,0.491259563,0.407963102,0.100777334
26905,0.03979869,0.136823168,0.823378142
26906,0.113047256,0.270851569,0.616101176
26907,0.102613425,0.057128667,0.840257908
26908,0.077088465,0.230424993,0.692486542
26909,0.034120228,0.607727462,0.35815231
26910,0.134175433,0.261567861,0.604256706
26911,0.112904664,0.146185274,0.740910062
26912,0.071415805,0.13618054,0.792403655
26913,0.272049423,0.146771097,0.58117948
26914,0.116710784,0.121358157,0.761931059
26915,0.047806072,0.165551799,0.78664213
26916,0.155439623,0.815690452,0.028869925
26917,0.08932151,0.170881523,0.739796968
26918,0.162444024,0.129399039,0.708156937
26919,0.543205989,0.116845443,0.339948568
26920,0.049026887,0.365793088,0.585180025
26921,0.110341478,0.431766034,0.457892488
26922,0.134205537,0.556160091,0.309634372
26923,0.058761849,0.175696186,0.765541965
26924,0.069183295,0.137167895,0.79364881
26925,0.061320164,0.061366507,0.877313329
26926,0.075546925,0.228996351,0.695456724
26927,0.208514625,0.332055178,0.459430197
26928,0.134550228,0.837842075,0.027607697
26929,0.135837531,0.237848277,0.626314192
26930,0.141907268,0.339996869,0.518095863
26931,0.120725224,0.654641613,0.224633163
26932,0.049106459,0.314761197,0.636132345
26933,0.666129464,0.076340963,0.257529572
26934,0.097020636,0.131459972,0.771519393
26935,0.060555513,0.159091797,0.78035269
26936,0.027883684,0.108227647,0.863888669
26937,0.189858006,0.193985092,0.616156902
26938,0.125354097,0.72467551,0.149970393
26939,0.305907009,0.668653494,0.025439497
26940,0.054432943,0.113952379,0.831614678
26941,0.116500051,0.222949461,0.660550487
26942,0.093986171,0.213951319,0.692062511
26943,0.072801614,0.26877945,0.658418935
26944,0.115084508,0.110701134,0.774214358
26945,0.063600102,0.6289141,0.307485798
26946,0.046705784,0.052649399,0.900644817
26947,0.045841597,0.228964821,0.725193583
26948,0.111563808,0.26118937,0.627246822
26949,0.290473621,0.070536482,0.638989897
26950,0.175393748,0.091255416,0.733350836
26951,0.285850916,0.296753059,0.417396025
26952,0.077539215,0.201364397,0.721096388
26953,0.038523794,0.013263267,0.948212939
26954,0.027881264,0.136691755,0.83542698
26955,0.15461548,0.38399265,0.461391869
26956,0.132701023,0.230009755,0.637289222
26957,0.23522351,0.271101299,0.493675191
26958,0.131887502,0.205058983,0.663053516
26959,0.063901661,0.236585459,0.69951288
26960,0.126320223,0.251374145,0.622305632
26961,0.078067056,0.177781719,0.744151225
26962,0.042916728,0.410786623,0.546296649
26963,0.417364745,0.126770382,0.455864873
26964,0.112671765,0.283151283,0.604176951
26965,0.028764046,0.205019111,0.766216843
26966,0.047608564,0.11351388,0.838877556
26967,0.023518814,0.104217965,0.87226322
26968,0.045435566,0.246450455,0.708113979
26969,0.024596634,0.131519855,0.843883511
26970,0.19049975,0.102248125,0.707252125
26971,0.074603348,0.244926649,0.680470003
26972,0.09984215,0.211698209,0.688459641
26973,0.023815649,0.02876225,0.947422101
26974,0.148490304,0.085413311,0.766096385
26975,0.07770779,0.080215178,0.842077032
26976,0.180528521,0.741207534,0.078263944
26977,0.126505754,0.119172864,0.754321382
26978,0.072136324,0.12038959,0.807474086
26979,0.052100691,0.27668185,0.671217459
26980,0.079664465,0.122822095,0.79751344
26981,0.127403101,0.186144182,0.686452717
26982,0.066483041,0.138887212,0.794629747
26983,0.131372843,0.160724032,0.707903125
26984,0.012294544,0.0524044,0.935301056
26985,0.053571286,0.232155532,0.714273182
26986,0.065160751,0.117366007,0.817473241
26987,0.11520943,0.502794028,0.381996542
26988,0.062550246,0.365896016,0.571553738
26989,0.167537963,0.27448403,0.557978007
26990,0.082155691,0.185314837,0.732529472
26991,0.079930724,0.126187042,0.793882234
26992,0.100555202,0.756911154,0.142533643
26993,0.06406127,0.154395074,0.781543655
26994,0.081313176,0.102260885,0.816425938
26995,0.055119462,0.113369975,0.831510563
26996,0.082224202,0.097188944,0.820586854
26997,0.160021507,0.200429938,0.639548555
26998,0.171769772,0.103781541,0.724448687
26999,0.405915567,0.111099559,0.482984874
27000,0.054402074,0.412291711,0.533306216
27001,0.083894715,0.361270661,0.554834624
27002,0.060051933,0.204415857,0.73553221
27003,0.193480534,0.112298881,0.694220585
27004,0.166173556,0.291447744,0.542378699
27005,0.026141721,0.409799388,0.564058891
27006,0.051823559,0.060074222,0.888102219
27007,0.211237328,0.554580146,0.234182526
27008,0.157487548,0.257456965,0.585055487
27009,0.118925139,0.212481433,0.668593428
27010,0.019052923,0.191052511,0.789894567
27011,0.214728346,0.428616197,0.356655457
27012,0.043814656,0.025688055,0.930497289
27013,0.073860943,0.124850271,0.801288786
27014,0.077625282,0.482717906,0.439656812
27015,0.132673136,0.322660369,0.544666495
27016,0.091700385,0.103848946,0.804450669
27017,0.059335902,0.153488253,0.787175845
27018,0.084553171,0.132775452,0.782671377
27019,0.137829983,0.149966677,0.71220334
27020,0.025569108,0.438622034,0.535808859
27021,0.03835752,0.301607098,0.660035382
27022,0.028079436,0.049295352,0.922625213
27023,0.232640494,0.30969232,0.457667186
27024,0.050898738,0.113809197,0.835292065
27025,0.125674258,0.12885903,0.745466712
27026,0.101573934,0.070259677,0.828166389
27027,0.076916149,0.073513432,0.849570419
27028,0.172107398,0.272994601,0.554898001
27029,0.090437673,0.180984959,0.728577369
27030,0.152905687,0.469282082,0.377812231
27031,0.569147519,0.122731134,0.308121347
27032,0.185427296,0.191451552,0.623121152
27033,0.1278086,0.082759967,0.789431434
27034,0.118887405,0.12447627,0.756636325
27035,0.506524585,0.106724571,0.386750844
27036,0.091766384,0.065722405,0.84251121
27037,0.188897636,0.142167097,0.668935267
27038,0.083601337,0.173593654,0.742805009
27039,0.300271221,0.172589463,0.527139316
27040,0.06806803,0.107592408,0.824339562
27041,0.026480071,0.210964119,0.762555809
27042,0.321697697,0.580760136,0.097542167
27043,0.166671953,0.160891814,0.672436233
27044,0.08467186,0.205443017,0.709885122
27045,0.071822478,0.219941109,0.708236413
27046,0.027984556,0.180270288,0.791745156
27047,0.047321846,0.332368166,0.620309989
27048,0.106637498,0.847657086,0.045705416
27049,0.167921141,0.743682332,0.088396527
27050,0.125996934,0.193895025,0.680108042
27051,0.086010722,0.319597218,0.59439206
27052,0.038563089,0.204111613,0.757325298
27053,0.045301856,0.288521481,0.666176663
27054,0.169350911,0.090778283,0.739870806
27055,0.25563815,0.648847381,0.095514468
27056,0.193121124,0.733484677,0.073394198
27057,0.06489327,0.155936142,0.779170588
27058,0.120286372,0.192286236,0.687427393
27059,0.091548378,0.182239598,0.726212024
27060,0.092352704,0.289943156,0.617704139
27061,0.364438315,0.218329134,0.417232551
27062,0.082153634,0.113278148,0.804568218
27063,0.10140645,0.132641813,0.765951738
27064,0.050237765,0.082393564,0.867368671
27065,0.104280893,0.24688596,0.648833147
27066,0.044197981,0.018468428,0.937333592
27067,0.107541423,0.222902202,0.669556375
27068,0.568871775,0.06566907,0.365459154
27069,0.029800022,0.155298607,0.814901371
27070,0.053741848,0.091644823,0.854613329
27071,0.052980529,0.090994584,0.856024887
27072,0.019603124,0.241199228,0.739197648
27073,0.072385369,0.223585105,0.704029526
27074,0.173960315,0.313462473,0.512577212
27075,0.132959236,0.105595883,0.761444881
27076,0.148421611,0.244573696,0.607004693
27077,0.062051093,0.243545417,0.694403489
27078,0.073399616,0.067773005,0.858827379
27079,0.059901304,0.144653348,0.795445348
27080,0.117360973,0.386567846,0.496071181
27081,0.086431872,0.101113008,0.81245512
27082,0.06986495,0.148613636,0.781521415
27083,0.055776372,0.122017601,0.822206028
27084,0.114002439,0.326994765,0.559002796
27085,0.160428849,0.087528347,0.752042804
27086,0.10881181,0.173305916,0.717882274
27087,0.068940621,0.099682765,0.831376614
27088,0.027227318,0.133419287,0.839353395
27089,0.048348978,0.250463396,0.701187626
27090,0.057963652,0.143496645,0.798539703
27091,0.110522914,0.259451656,0.63002543
27092,0.281369708,0.617400444,0.101229848
27093,0.307013506,0.37577539,0.317211104
27094,0.102449531,0.213678603,0.683871866
27095,0.036997948,0.125361013,0.837641039
27096,0.132359534,0.433066047,0.434574419
27097,0.083114804,0.550310332,0.366574864
27098,0.12007301,0.161121166,0.718805824
27099,0.094463385,0.076118157,0.829418458
27100,0.024663545,0.046903695,0.928432761
27101,0.118849663,0.15994171,0.721208626
27102,0.061995822,0.303125808,0.63487837
27103,0.081300318,0.216427638,0.702272044
27104,0.279127268,0.157953119,0.562919613
27105,0.063806262,0.062072099,0.874121638
27106,0.046360006,0.12630081,0.827339184
27107,0.079451945,0.080085851,0.840462204
27108,0.163132005,0.131302461,0.705565534
27109,0.151410702,0.167181447,0.681407851
27110,0.216597019,0.130162436,0.653240545
27111,0.155913469,0.176398203,0.667688328
27112,0.735699099,0.033053696,0.231247205
27113,0.043147526,0.169907704,0.786944769
27114,0.146561077,0.100915174,0.752523749
27115,0.269274103,0.32775571,0.402970187
27116,0.101094219,0.240884949,0.658020832
27117,0.132087666,0.562780026,0.305132308
27118,0.024209069,0.046213028,0.929577903
27119,0.060461732,0.419134264,0.520404004
27120,0.257904213,0.703558028,0.038537758
27121,0.143737976,0.787661533,0.06860049
27122,0.138558276,0.186685822,0.674755902
27123,0.05682838,0.087970336,0.855201284
27124,0.277431472,0.245298274,0.477270253
27125,0.087732507,0.206332949,0.705934545
27126,0.053344733,0.136828016,0.809827251
27127,0.133630524,0.123670331,0.742699145
27128,0.102897648,0.125659244,0.771443108
27129,0.243126531,0.122423664,0.634449806
27130,0.101586932,0.179617989,0.718795079
27131,0.326530472,0.10698963,0.566479899
27132,0.131457559,0.122835449,0.745706991
27133,0.03608909,0.349985225,0.613925685
27134,0.1054938,0.211383223,0.683122978
27135,0.056675275,0.925006741,0.018317984
27136,0.106898366,0.20412867,0.688972964
27137,0.120275575,0.137923842,0.741800583
27138,0.158431155,0.302473406,0.539095438
27139,0.065035579,0.161922714,0.773041707
27140,0.290422556,0.177554241,0.532023202
27141,0.045964781,0.148756308,0.805278911
27142,0.30653107,0.168102461,0.525366469
27143,0.072097455,0.111146124,0.81675642
27144,0.202554313,0.060847841,0.736597845
27145,0.3172875,0.173232217,0.509480283
27146,0.077338025,0.103787236,0.818874739
27147,0.127241864,0.397818671,0.474939465
27148,0.039720563,0.384393874,0.575885563
27149,0.099113926,0.258995412,0.641890662
27150,0.037147472,0.162288477,0.800564051
27151,0.153252931,0.113074494,0.733672575
27152,0.284987464,0.049095417,0.665917119
27153,0.064349571,0.150032462,0.785617967
27154,0.047604829,0.196274333,0.756120838
27155,0.120909368,0.149141641,0.729948991
27156,0.178417182,0.069216349,0.752366469
27157,0.119738114,0.060402686,0.819859201
27158,0.027033851,0.044371559,0.92859459
27159,0.035979972,0.092993298,0.87102673
27160,0.070279179,0.147325992,0.78239483
27161,0.144657241,0.149466518,0.705876242
27162,0.213595299,0.276542267,0.509862435
27163,0.120013145,0.099172562,0.780814293
27164,0.070825655,0.337569951,0.591604394
27165,0.115201119,0.105320631,0.779478249
27166,0.034003802,0.177112182,0.788884016
27167,0.076193617,0.247433024,0.676373359
27168,0.113812748,0.23891706,0.647270191
27169,0.043217512,0.080455909,0.87632658
27170,0.300789704,0.190251355,0.508958941
27171,0.1813537,0.209916005,0.608730295
27172,0.077675755,0.150861657,0.771462588
27173,0.064787941,0.270373014,0.664839045
27174,0.090226824,0.322836868,0.586936308
27175,0.366397668,0.075346131,0.558256202
27176,0.055898135,0.387126227,0.556975638
27177,0.132293484,0.12315806,0.744548456
27178,0.169105293,0.161926721,0.668967986
27179,0.042104511,0.074205727,0.883689763
27180,0.059122876,0.135112921,0.805764202
27181,0.285813112,0.106118469,0.608068419
27182,0.088296927,0.062415874,0.849287199
27183,0.05291792,0.167923818,0.779158261
27184,0.162612223,0.089672415,0.747715362
27185,0.056992923,0.174232406,0.768774671
27186,0.115057652,0.24229346,0.642648888
27187,0.109991062,0.171387499,0.718621439
27188,0.045708134,0.164990801,0.789301065
27189,0.025032956,0.02752505,0.947441993
27190,0.178606799,0.113028959,0.708364242
27191,0.22145831,0.668844539,0.109697151
27192,0.147874747,0.201303837,0.650821415
27193,0.025213843,0.098877945,0.875908211
27194,0.182352794,0.113256904,0.704390302
27195,0.076303399,0.099361147,0.824335453
27196,0.038507498,0.095782313,0.865710189
27197,0.167280256,0.162200135,0.670519608
27198,0.036188324,0.056273136,0.907538541
27199,0.041414714,0.075655882,0.882929404
27200,0.024729964,0.531010088,0.444259948
27201,0.221138785,0.087269922,0.691591293
27202,0.082468828,0.199813774,0.717717398
27203,0.083822961,0.101944466,0.814232573
27204,0.403650517,0.152698541,0.443650943
27205,0.146041701,0.241015804,0.612942495
27206,0.039103678,0.114175747,0.846720575
27207,0.099337339,0.240482943,0.660179719
27208,0.062966271,0.184520319,0.75251341
27209,0.173896673,0.102081198,0.724022129
27210,0.07479205,0.164189179,0.761018771
27211,0.079715818,0.166600894,0.753683288
27212,0.027655288,0.09233633,0.880008382
27213,0.112081172,0.116774949,0.771143879
27214,0.086614197,0.204248714,0.70913709
27215,0.156396535,0.150770724,0.692832741
27216,0.032205074,0.02669022,0.941104706
27217,0.62374701,0.119008029,0.25724496
27218,0.035594924,0.361316458,0.603088618
27219,0.208422778,0.248386138,0.543191084
27220,0.075487732,0.250705627,0.673806641
27221,0.428692698,0.14208713,0.429220172
27222,0.178334887,0.681572373,0.14009274
27223,0.067877512,0.235155315,0.696967173
27224,0.094240734,0.32785216,0.577907106
27225,0.023428892,0.064402665,0.912168443
27226,0.494270414,0.414570449,0.091159136
27227,0.171956944,0.755038015,0.073005041
27228,0.026815287,0.280209888,0.692974825
27229,0.079930091,0.144874427,0.775195483
27230,0.102002526,0.146120328,0.751877146
27231,0.053658585,0.101487578,0.844853837
27232,0.031535363,0.370662931,0.597801707
27233,0.24391925,0.314099713,0.441981038
27234,0.021432585,0.035017501,0.943549914
27235,0.033426234,0.166918072,0.799655694
27236,0.152619343,0.216056217,0.63132444
27237,0.170112998,0.568299855,0.261587147
27238,0.049639001,0.238710078,0.711650921
27239,0.062631662,0.215841841,0.721526497
27240,0.112581856,0.681352146,0.206065998
27241,0.197807332,0.23160686,0.570585808
27242,0.050759357,0.01500525,0.934235393
27243,0.16208354,0.180918975,0.656997485
27244,0.128569723,0.122164019,0.749266259
27245,0.167746067,0.139894278,0.692359655
27246,0.054181139,0.061925284,0.883893576
27247,0.202969815,0.097608941,0.699421244
27248,0.081996321,0.383798675,0.534205005
27249,0.051629322,0.079780602,0.868590076
27250,0.060373846,0.211843984,0.72778217
27251,0.015068579,0.133078308,0.851853113
27252,0.362973833,0.149643042,0.487383124
27253,0.160451688,0.305171895,0.534376416
27254,0.046746385,0.207239699,0.746013915
27255,0.054600945,0.105587806,0.839811249
27256,0.031488627,0.241770457,0.726740916
27257,0.272324819,0.17904757,0.548627612
27258,0.053387927,0.065617086,0.880994986
27259,0.103472416,0.317707397,0.578820187
27260,0.160724184,0.145873897,0.693401919
27261,0.165748516,0.200547162,0.633704321
27262,0.194206274,0.272946257,0.532847469
27263,0.185808145,0.753940195,0.060251659
27264,0.071359905,0.208232676,0.720407419
27265,0.074116956,0.076257355,0.849625688
27266,0.10085342,0.156839668,0.742306912
27267,0.143223393,0.390003079,0.466773528
27268,0.070626004,0.074604078,0.854769918
27269,0.078933291,0.148012638,0.773054071
27270,0.029830765,0.12089497,0.849274264
27271,0.122677423,0.305168563,0.572154013
27272,0.079565037,0.086445209,0.833989754
27273,0.06948388,0.368792619,0.5617235
27274,0.045843322,0.107749894,0.846406785
27275,0.02776927,0.082501537,0.889729193
27276,0.066271496,0.128721512,0.805006992
27277,0.07113807,0.089361429,0.8395005
27278,0.049918555,0.245322275,0.70475917
27279,0.136830657,0.125130578,0.738038765
27280,0.106326561,0.21752349,0.676149949
27281,0.227919673,0.163993352,0.608086975
27282,0.077939585,0.384937963,0.537122452
27283,0.105502496,0.852204069,0.042293435
27284,0.083417981,0.834680553,0.081901465
27285,0.226734818,0.279745243,0.493519939
27286,0.086868797,0.322762445,0.590368759
27287,0.093619429,0.212460896,0.693919675
27288,0.062560633,0.406738527,0.530700841
27289,0.052168968,0.160839735,0.786991297
27290,0.1204574,0.356979481,0.522563118
27291,0.082378195,0.173240199,0.744381606
27292,0.094934684,0.697868299,0.207197017
27293,0.047796039,0.089190129,0.863013832
27294,0.074749944,0.132119461,0.793130595
27295,0.019345072,0.114017792,0.866637136
27296,0.075519111,0.419966528,0.504514361
27297,0.188965541,0.235767477,0.575266982
27298,0.048354027,0.343242052,0.608403921
27299,0.082862732,0.314337523,0.602799745
27300,0.149611895,0.136185148,0.714202957
27301,0.043342366,0.18173407,0.774923565
27302,0.1921371,0.76487181,0.042991091
27303,0.128778702,0.053233826,0.817987471
27304,0.070719475,0.141748058,0.787532467
27305,0.05349603,0.171782749,0.774721221
27306,0.082442623,0.066932046,0.850625331
27307,0.074922894,0.106913457,0.818163649
27308,0.120941545,0.095561183,0.783497272
27309,0.016320698,0.06181706,0.921862242
27310,0.106047324,0.194942292,0.699010384
27311,0.031082712,0.208251801,0.760665486
27312,0.015415456,0.078023316,0.906561227
27313,0.150314284,0.155611343,0.694074372
27314,0.086550093,0.145094487,0.76835542
27315,0.046820324,0.126978047,0.826201629
27316,0.03255825,0.177941344,0.789500407
27317,0.189739332,0.724336757,0.085923911
27318,0.048663139,0.333119072,0.61821779
27319,0.114312462,0.152787243,0.732900294
27320,0.237323571,0.231666421,0.531010008
27321,0.114022747,0.099288381,0.786688872
27322,0.070061812,0.162180252,0.767757936
27323,0.054890047,0.134683527,0.810426426
27324,0.099080939,0.160977566,0.739941495
27325,0.045127457,0.213077949,0.741794593
27326,0.081364629,0.139217029,0.779418341
27327,0.356974355,0.531324823,0.111700822
27328,0.056790409,0.366181481,0.57702811
27329,0.035828532,0.037723102,0.926448365
27330,0.043513022,0.569931784,0.386555193
27331,0.169149072,0.123565846,0.707285083
27332,0.095581794,0.148924554,0.755493652
27333,0.271337665,0.154187495,0.57447484
27334,0.041170096,0.114611466,0.844218438
27335,0.100164767,0.136065124,0.763770109
27336,0.335385283,0.088330344,0.576284373
27337,0.356909859,0.100159652,0.54293049
27338,0.110487825,0.660090205,0.229421969
27339,0.15288567,0.155854542,0.691259789
27340,0.051461452,0.108407351,0.840131197
27341,0.111499794,0.142321622,0.746178585
27342,0.051851795,0.116318877,0.831829328
27343,0.064894535,0.066088901,0.869016564
27344,0.066150361,0.140097041,0.793752598
27345,0.282010199,0.117384227,0.600605574
27346,0.113369993,0.143118638,0.743511369
27347,0.171704877,0.12756421,0.700730913
27348,0.056069833,0.252205527,0.69172464
27349,0.157360805,0.187436094,0.6552031
27350,0.245453773,0.129510076,0.62503615
27351,0.057496147,0.103824385,0.838679468
27352,0.305894676,0.05727679,0.636828534
27353,0.177684622,0.252844752,0.569470626
27354,0.098555467,0.306669721,0.594774812
27355,0.086668248,0.231665475,0.681666277
27356,0.044791292,0.110001332,0.845207375
27357,0.104885381,0.196384867,0.698729753
27358,0.012622459,0.112174707,0.875202833
27359,0.068737491,0.23643038,0.69483213
27360,0.104555688,0.28454611,0.610898202
27361,0.130576166,0.76245589,0.106967945
27362,0.187401497,0.777794728,0.034803774
27363,0.024323013,0.098004,0.877672987
27364,0.05985286,0.546846628,0.393300512
27365,0.229084948,0.097871573,0.673043479
27366,0.112777275,0.247415818,0.639806907
27367,0.14807824,0.182020758,0.669901002
27368,0.313487092,0.325322669,0.361190239
27369,0.092111177,0.61633934,0.291549484
27370,0.275816186,0.397462024,0.32672179
27371,0.624797497,0.035549271,0.339653232
27372,0.085884413,0.100680372,0.813435215
27373,0.388335364,0.302786449,0.308878187
27374,0.076261701,0.111631289,0.81210701
27375,0.072479204,0.182450112,0.745070684
27376,0.091293707,0.157228367,0.751477927
27377,0.160522949,0.561116718,0.278360333
27378,0.465877485,0.10143962,0.432682895
27379,0.082949763,0.086270478,0.830779759
27380,0.357414366,0.180358153,0.462227481
27381,0.089596725,0.372424877,0.537978398
27382,0.224961687,0.681697408,0.093340905
27383,0.022933731,0.245229583,0.731836686
27384,0.125765233,0.301990724,0.572244043
27385,0.404778292,0.098833701,0.496388007
27386,0.044766128,0.161189121,0.79404475
27387,0.060377041,0.123322934,0.816300025
27388,0.076208417,0.222925871,0.700865712
27389,0.11148148,0.138742057,0.749776463
27390,0.166801583,0.156576206,0.676622211
27391,0.222745547,0.180558129,0.596696325
27392,0.093183146,0.145371124,0.76144573
27393,0.06987433,0.117930317,0.812195353
27394,0.125718344,0.236556469,0.637725188
27395,0.026507964,0.057650001,0.915842035
27396,0.131082082,0.173147029,0.695770889
27397,0.020880054,0.909727054,0.069392892
27398,0.063143435,0.063088539,0.873768025
27399,0.05013405,0.602963143,0.346902807
27400,0.022461442,0.136475553,0.841063005
27401,0.180770992,0.123836237,0.695392771
27402,0.02697546,0.722728629,0.250295911
27403,0.046428921,0.13102743,0.822543649
27404,0.18274763,0.732259417,0.084992952
27405,0.216328644,0.199470587,0.584200769
27406,0.451152265,0.220663591,0.328184145
27407,0.101169124,0.230541791,0.668289085
27408,0.064500277,0.140096545,0.795403178
27409,0.216506319,0.472873746,0.310619934
27410,0.027735691,0.076681769,0.89558254
27411,0.077421461,0.058678113,0.863900426
27412,0.047321846,0.332368166,0.620309989
27413,0.151533496,0.179944274,0.668522229
27414,0.061089508,0.558214885,0.380695607
27415,0.741090015,0.07684259,0.182067396
